0 0.000000
0 0.000000
0 0.000000
0 0.000000
0 0.000000
0 0.000000
0 0.000000
0 0.000000
0 0.000000
0 0.000000
0 0.000000
0 0.000000
0 0.000000
0 0.000000
0 0.000000
0 0.000000
0 0.000000
0 0.000000
0 0.000000
0 0.000000
0 0.000000
0 0.000000
0 0.000000
0 0.000000
0 0.000000
0 0.000000
0 0.000000
0 0.000000
0 0.000000
0 0.000000
0 0.000000
0 0.000000
0 0.000000
0 0.000000
0 0.000000
0 -0.728102
0 -0.735939
0 -0.725320
0 -0.704496
0 -0.686014
0 -0.677006
0 -0.646216
0 -0.621575
0 -0.598090
0 -0.573702
0 -0.548365
0 -0.521673
0 -0.498782
0 -0.467489
0 -0.438835
0 -0.410964
0 -0.378038
0 -0.346503
0 -0.319213
0 -0.293914
0 -0.251985
0 -0.225886
0 -0.176001
0 -0.141157
0 -0.111939
0 -0.073587
0 -0.051228
0 -0.001315
0 0.031649
0 0.065747
0 0.101182
0 0.138427
0 0.174939
0 0.207835
0 0.235806
0 0.265335
0 0.293704
0 0.333409
0 0.365679
0 0.396781
0 0.429759
0 0.452267
0 0.481534
0 0.503730
0 0.539210
0 0.570069
0 0.599007
0 0.624807
0 0.641263
0 0.674903
0 0.691601
0 0.711598
0 0.727215
0 0.749465
0 0.776622
0 0.790049
0 0.803670
0 0.820520
0 0.830762
0 0.842495
0 0.852455
0 0.868725
0 0.867610
0 0.880403
0 0.885924
0 0.894622
0 0.900119
0 0.906258
0 0.914977
0 0.921745
0 0.925727
0 0.931146
0 0.936915
0 0.939728
0 0.947880
0 0.950588
0 0.953758
0 0.958316
0 0.961639
0 0.964424
0 0.966299
0 0.968880
0 0.971548
0 0.972503
0 0.973185
0 0.974898
0 0.976234
0 0.979118
0 0.981137
0 0.982988
0 0.984808
0 0.985893
0 0.987214
0 0.988362
0 0.989244
0 0.990004
0 0.990634
0 0.991117
0 0.991688
0 0.992466
0 0.992868
0 0.993623
0 0.994119
0 0.994037
0 0.994262
0 0.993932
0 0.994516
0 0.995357
0 0.995480
0 0.995396
0 0.995501
0 0.996307
0 0.996246
0 0.996461
0 0.996894
0 0.997485
0 0.996216
0 0.996247
0 0.996168
0 0.995587
0 0.996269
0 0.995668
0 0.995250
0 0.994948
0 0.995644
0 0.995339
0 0.995808
0 0.996075
0 0.995460
0 0.995325
0 0.994992
0 0.995663
0 0.995249
0 0.995505
0 0.995111
0 0.994857
0 0.994916
0 0.995904
0 0.996460
0 0.996548
0 0.997228
0 0.997538
0 0.997392
0 0.997443
0 0.997397
0 0.997631
0 0.997757
0 0.997618
0 0.997841
0 0.997631
0 0.998296
0 0.998148
0 0.998261
0 0.998330
0 0.998446
0 0.998376
0 0.998341
0 0.998399
0 0.998543
0 0.998428
0 0.998433
0 0.998577
1 0.998677
0 0.998606
0 0.998542
1 0.998720
1 0.998847
1 0.998854
1 0.998913
1 0.998970
1 0.999006
1 0.999008
1 0.998976
1 0.999009
1 0.999000
1 0.999030
1 0.999152
1 0.999187
1 0.999134
1 0.999179
1 0.999088
1 0.999021
1 0.998976
1 0.999145
1 0.999134
1 0.999076
1 0.999090
1 0.999265
1 0.999308
1 0.999275
1 0.999219
1 0.999379
1 0.999512
1 0.999399
1 0.999422
1 0.999698
1 0.999797
1 0.999837
1 0.999843
1 0.999839
1 0.999816
1 0.999859
1 0.999846
1 0.999890
1 0.999857
1 0.999872
1 0.999871
1 0.999843
1 0.999823
1 0.999840
1 0.999763
1 0.999656
1 0.999526
1 0.999538
1 0.999500
1 0.999266
1 0.999125
1 0.998825
1 0.998965
1 0.998737
0 0.998581
0 0.998285
0 0.998391
0 0.998405
0 0.998064
0 0.998031
0 0.998359
0 0.998481
0 0.998433
0 0.998419
0 0.998413
1 0.998732
1 0.998644
1 0.998697
1 0.998853
1 0.998939
1 0.998731
1 0.998630
0 0.998556
0 0.998613
0 0.998626
1 0.998835
1 0.998894
1 0.998635
0 0.998591
1 0.998715
1 0.998700
1 0.998727
0 0.998605
0 0.998362
0 0.998511
0 0.998601
0 0.998543
1 0.998729
1 0.998686
0 0.998495
0 0.998628
1 0.998754
1 0.998803
0 0.998628
1 0.998712
0 0.998597
1 0.998664
1 0.998812
1 0.998775
1 0.998778
1 0.998832
1 0.998816
1 0.998687
1 0.998929
1 0.999063
1 0.999142
1 0.999176
1 0.999172
1 0.999196
1 0.999194
1 0.999252
1 0.999236
1 0.999279
1 0.999128
1 0.999303
1 0.999281
1 0.999306
1 0.999322
1 0.999350
1 0.999297
1 0.999324
1 0.999058
1 0.999151
1 0.999128
1 0.999159
1 0.999085
1 0.998916
1 0.999268
1 0.999218
1 0.999339
1 0.999361
1 0.999316
1 0.999229
1 0.999129
1 0.999031
1 0.999180
1 0.999238
1 0.999074
1 0.998691
1 0.998937
1 0.998829
1 0.999054
1 0.999139
1 0.999232
1 0.999093
1 0.998955
1 0.998861
1 0.998740
1 0.998687
1 0.998899
1 0.999062
1 0.999100
1 0.999006
1 0.999027
1 0.999200
1 0.999260
1 0.999272
1 0.999276
1 0.999297
1 0.999368
1 0.999351
1 0.999436
1 0.999438
1 0.999454
1 0.999452
1 0.999498
1 0.999481
1 0.999505
1 0.999484
1 0.999536
1 0.999575
1 0.999552
1 0.999542
1 0.999544
1 0.999549
1 0.999572
1 0.999518
1 0.999489
1 0.999461
1 0.999437
1 0.999441
1 0.999365
1 0.999339
1 0.999382
1 0.999306
1 0.999198
1 0.999204
1 0.999213
1 0.999309
1 0.999225
1 0.999215
1 0.999280
1 0.999233
1 0.999298
1 0.999284
1 0.999243
1 0.999294
1 0.999299
1 0.999284
1 0.999352
1 0.999325
1 0.999234
1 0.999242
1 0.999369
1 0.999245
1 0.999247
1 0.999356
1 0.999380
1 0.999424
1 0.999473
1 0.999484
1 0.999436
1 0.999442
1 0.999358
1 0.999393
1 0.999319
1 0.999427
1 0.999518
1 0.999464
1 0.999512
1 0.999508
1 0.999483
1 0.999508
1 0.999484
1 0.999531
1 0.999463
1 0.999439
1 0.999364
1 0.999483
1 0.999404
1 0.999632
1 0.999678
1 0.999693
1 0.999736
1 0.999718
1 0.999732
1 0.999737
1 0.999699
1 0.999649
1 0.999578
1 0.999463
1 0.999424
1 0.999490
1 0.999329
1 0.999284
1 0.999396
1 0.999264
1 0.999272
1 0.999110
1 0.999362
1 0.999396
1 0.999451
1 0.999405
1 0.999339
1 0.999290
1 0.999393
1 0.999424
1 0.999195
1 0.999123
1 0.999038
1 0.999165
1 0.999193
1 0.999172
1 0.999041
1 0.998916
1 0.998771
1 0.998832
1 0.998921
1 0.998788
1 0.998861
1 0.998977
1 0.998817
1 0.998996
1 0.998833
0 0.000000
1 0.998984
1 0.999038
1 0.998984
1 0.998982
1 0.999015
1 0.999193
1 0.999132
1 0.999068
1 0.999244
1 0.999301
1 0.999296
1 0.999310
1 0.999322
1 0.999218
1 0.999234
1 0.999369
1 0.999204
1 0.999137
1 0.999009
1 0.999036
1 0.999169
1 0.999169
1 0.999149
1 0.999083
1 0.999177
1 0.999202
1 0.999205
1 0.999159
1 0.999133
1 0.999261
1 0.999239
1 0.999285
1 0.999322
1 0.999325
1 0.999314
1 0.999339
1 0.999356
1 0.999280
1 0.999220
1 0.999162
1 0.999348
1 0.999307
1 0.999378
