0 0.000000
0 -0.198332
0 -0.193862
0 -0.138533
0 -0.081703
0 -0.070377
0 -0.033197
0 0.013400
0 0.028327
0 0.081342
0 0.109306
0 0.156336
0 0.208700
0 0.225503
0 0.264069
0 0.278198
0 0.331602
0 0.350586
0 0.394779
0 0.440349
0 0.455823
0 0.500968
0 0.509240
0 0.544931
0 0.548512
0 0.598523
0 0.611306
0 0.637683
0 0.650696
0 0.658359
0 0.689506
0 0.698865
0 0.731866
0 0.734277
0 0.758288
0 0.766289
0 0.774782
0 0.800715
0 0.806042
0 0.832536
0 0.839174
0 0.845590
0 0.864758
0 0.865447
0 0.869737
0 0.888099
0 0.892972
0 0.894401
0 0.898332
0 0.916618
0 0.917615
0 0.919422
0 0.922161
0 0.937756
0 0.938689
0 0.939178
0 0.941584
0 0.955107
0 0.955782
0 0.955833
0 0.957920
0 0.958090
0 0.959208
0 0.968242
0 0.969998
0 0.970854
0 0.972817
0 0.972845
0 0.975259
0 0.975751
0 0.983596
0 0.982827
0 0.984217
0 0.983508
0 0.986509
0 0.986718
0 0.988351
0 0.989694
0 0.989824
0 0.990767
0 0.991062
0 0.992028
0 0.992636
0 0.992690
0 0.993055
0 0.994067
0 0.995269
0 0.996015
0 0.995519
0 0.996391
0 0.996919
0 0.996977
0 0.994172
0 0.995482
0 0.996536
0 0.997124
0 0.997005
0 0.997935
0 0.998437
0 0.998384
0 0.996805
0 0.997845
0 0.998057
0 0.998614
1 0.999311
0 0.997980
0 0.000000
0 0.998291
1 0.999359
1 0.999705
0 0.998275
1 0.999316
1 0.999094
1 0.999786
1 0.999010
1 0.999662
1 0.999553
1 0.998957
1 0.999601
1 0.999814
1 0.998939
1 0.999405
1 0.999705
1 0.999015
1 0.999595
1 0.999923
1 0.999177
1 0.999877
1 0.998978
1 0.999738
1 0.999928
1 0.999537
1 0.999570
1 0.998845
1 0.999661
1 0.999458
1 0.999803
1 0.999197
1 0.999899
1 0.999637
1 0.999711
1 0.999668
1 0.999511
0 0.997709
1 0.998918
0 0.998548
1 0.999594
1 0.999523
1 0.999983
1 0.999794
1 0.999717
1 0.999907
1 0.999831
1 0.999371
1 0.999511
0 0.997683
1 0.999286
1 0.999429
1 0.999174
1 0.999941
1 0.999892
1 0.999616
1 0.999742
1 0.999699
1 0.999580
1 0.999071
1 0.999357
1 0.999517
1 0.999474
1 0.999980
1 0.999956
1 0.999870
1 0.999782
1 0.998833
1 0.999159
1 0.999528
1 0.999686
1 0.999586
1 0.999833
1 0.999629
1 0.998682
0 0.998421
0 0.998488
1 0.999301
1 0.999624
1 0.999627
1 0.999232
0 0.998584
1 0.998722
0 0.998565
1 0.999800
1 0.999664
1 0.999415
1 0.999929
0 0.998405
1 0.998677
1 0.998764
1 0.999404
1 0.999825
1 0.999472
1 0.999602
0 0.998344
1 0.999034
1 0.998805
1 0.999947
1 0.999096
0 0.998289
1 0.998676
1 0.999868
1 0.999439
1 0.999502
1 0.998714
1 0.999372
1 0.999376
1 0.998790
1 0.999968
0 0.998603
1 0.999109
0 0.998386
1 0.999926
1 0.999650
1 0.999558
0 0.998258
1 0.999618
1 0.999151
1 0.999426
1 0.999520
1 0.998689
1 0.999507
1 0.998772
1 0.999943
0 0.998160
1 0.999391
1 0.998955
1 0.999922
0 0.998056
1 0.998864
1 0.999263
1 0.999646
1 0.998900
1 0.998919
1 0.999766
1 0.999954
1 0.999097
1 0.998939
1 0.999432
1 0.999610
0 0.997249
1 0.999054
1 0.999919
1 0.999753
1 0.998966
1 0.999069
1 0.999875
1 0.999804
1 0.998860
1 0.999208
1 0.999952
0 0.998113
1 0.999462
1 0.999520
1 0.999856
0 0.997572
1 0.999629
1 0.999414
0 0.998219
1 0.999492
1 0.998727
0 0.998266
1 0.999367
1 0.999907
1 0.998864
1 0.999237
1 0.999595
0 0.998153
1 0.999406
1 0.999386
1 0.999388
0 0.998302
0 0.000000
1 0.999229
1 0.998869
1 0.999657
0 0.998550
1 0.999299
1 0.998819
1 0.999930
1 0.999292
1 0.999629
1 0.999570
0 0.996973
1 0.999932
0 0.997895
1 0.999408
1 0.999534
0 0.998307
1 0.999879
1 0.999266
1 0.998831
1 0.999654
0 0.998474
1 0.999661
1 0.999602
0 0.998476
1 0.999764
0 0.995871
1 0.999298
1 0.999114
0 0.998178
1 0.999925
0 0.997473
0 0.996877
1 0.999881
0 0.998058
1 0.999765
0 0.997805
0 0.998206
0 0.996877
1 0.999334
0 0.998554
1 0.998720
1 0.999660
0 0.997367
1 0.999809
0 0.997251
0 0.998443
1 0.999680
1 0.999105
1 0.998702
1 0.999210
1 0.999826
0 0.998415
1 0.999609
1 0.999225
0 0.998321
0 0.998386
1 0.999990
0 0.998331
1 0.999310
1 0.998931
1 0.999886
0 0.998262
1 0.999924
1 0.999027
1 0.999494
0 0.998339
1 0.999487
1 0.999215
1 0.998707
1 0.999227
1 0.999673
0 0.998462
1 0.999578
1 0.999637
1 0.999347
0 0.998504
1 0.999415
1 0.999927
1 0.998876
1 0.999231
0 0.998294
1 0.999932
0 0.998076
1 0.999207
1 0.999394
1 0.999727
1 0.999527
0 0.997661
1 0.999825
1 0.999165
1 0.999327
0 0.998584
1 0.998917
1 0.999735
0 0.998593
1 0.998669
1 0.998775
1 0.999509
1 0.999541
0 0.998104
0 0.998168
1 0.998934
1 0.999890
1 0.999789
0 0.997527
1 0.998931
1 0.999353
1 0.999111
1 0.999783
1 0.999425
0 0.998618
1 0.998876
1 0.998964
1 0.999796
1 0.999884
0 0.998250
1 0.998648
1 0.999628
1 0.999108
1 0.999739
1 0.999601
1 0.999203
0 0.998371
1 0.999690
1 0.999207
1 0.999529
1 0.999769
1 0.999533
0 0.998572
1 0.999412
1 0.999074
1 0.998837
1 0.999862
1 0.999944
1 0.999340
1 0.998791
0 0.998623
1 0.998863
0 0.998616
1 0.999697
1 0.999894
1 0.999732
1 0.999020
1 0.999398
1 0.999617
1 0.999240
0 0.996729
0 0.996628
0 0.998066
1 0.999084
1 0.999342
1 0.999227
1 0.999875
1 0.999936
1 0.999811
0 0.997996
1 0.999171
1 0.999239
1 0.998869
0 0.998437
0 0.998044
1 0.999382
1 0.999741
1 0.999166
1 0.999174
1 0.999065
0 0.997881
1 0.999037
1 0.999768
1 0.999923
1 0.999793
1 0.999488
1 0.998810
1 0.999479
1 0.999817
1 0.999802
1 0.999546
1 0.999469
0 0.997382
0 0.997088
1 0.999167
1 0.999561
1 0.999769
1 0.999691
1 0.999807
1 0.999707
1 0.999776
1 0.999519
1 0.999467
1 0.998999
1 0.999042
1 0.999120
1 0.999593
1 0.999834
1 0.999823
1 0.999841
1 0.999735
1 0.999620
1 0.999368
1 0.999205
1 0.998936
1 0.998698
0 0.996584
0 0.997761
0 0.997277
0 0.998151
1 0.998746
1 0.999091
0 0.998604
1 0.999236
1 0.998825
1 0.998799
1 0.999343
0 0.998076
0 0.997991
0 0.995992
0 0.996976
0 0.998592
0 0.998093
1 0.998664
1 0.999115
1 0.999182
1 0.999281
0 0.996506
0 0.998048
1 0.998759
1 0.998727
1 0.999292
1 0.999251
1 0.999919
1 0.999639
0 0.998240
1 0.999124
1 0.999281
1 0.999627
0 0.997773
0 0.998509
0 0.996332
1 0.998644
1 0.998937
1 0.999807
1 0.999990
1 0.999365
0 0.998453
1 0.998802
1 0.999076
1 0.999446
1 0.999407
1 0.999262
1 0.999642
1 0.999030
0 0.998387
1 0.998673
1 0.999903
1 0.999960
1 0.999168
1 0.998665
0 0.998247
1 0.999707
1 0.999828
1 0.999651
1 0.998968
1 0.999060
1 0.999279
1 0.999380
1 0.999309
1 0.999517
0 0.997859
1 0.998926
1 0.999298
1 0.999761
1 0.999212
0 0.998531
1 0.999943
1 0.999345
0 0.997696
1 0.998749
1 0.999971
1 0.999293
0 0.998241
1 0.999166
1 0.999936
1 0.998878
1 0.998670
1 0.999641
1 0.999677
1 0.998918
1 0.999366
1 0.999523
1 0.999109
1 0.998851
1 0.999588
1 0.999146
1 0.999273
0 0.997941
1 0.999325
1 0.999275
1 0.999201
1 0.999215
1 0.999245
1 0.999148
1 0.999568
1 0.999291
1 0.999811
0 0.998577
1 0.999474
1 0.999678
0 0.998602
1 0.999384
1 0.999666
0 0.998019
1 0.999824
0 0.998226
1 0.999289
1 0.999700
0 0.997940
1 0.999813
0 0.996864
1 0.999641
0 0.998374
1 0.999410
0 0.997543
1 0.998674
1 0.999724
0 0.996828
1 0.999468
0 0.997307
1 0.999666
0 0.996880
1 0.999785
1 0.998973
1 0.999727
1 0.999045
1 0.999572
1 0.998923
1 0.998763
1 0.998942
1 0.999278
1 0.999184
1 0.999164
1 0.999320
0 0.995960
0 0.996171
0 0.996433
0 0.996125
0 0.996176
0 0.995717
0 0.997362
0 0.997133
1 0.998735
0 0.993122
1 0.998922
0 0.995232
1 0.999902
0 0.996254
0 0.991268
0 0.998487
0 0.994969
0 0.994768
0 0.998045
0 0.994711
1 0.998858
0 0.996721
0 0.997332
0 0.997695
0 0.994873
0 0.997269
0 0.997285
1 0.999149
0 0.997182
0 0.996784
1 0.999180
0 0.996854
0 0.996094
1 0.999100
0 0.995811
0 0.996056
1 0.999443
0 0.996940
0 0.997800
1 0.999026
0 0.996610
0 0.998515
0 0.996697
0 0.998210
1 0.999645
1 0.999099
0 0.996385
1 0.999939
1 0.999221
0 0.998055
0 0.994319
0 0.996889
1 0.999351
0 0.998471
1 0.999342
0 0.998058
0 0.995506
0 0.997875
1 0.999631
1 0.998944
0 0.996860
0 0.994967
1 0.999908
1 0.999331
1 0.998766
0 0.996937
1 0.998980
0 0.998569
0 0.997640
0 0.997625
1 0.999786
1 0.999954
1 0.999674
1 0.998676
1 0.998765
1 0.999250
1 0.999357
1 0.999385
1 0.998643
0 0.997596
0 0.997975
1 0.999475
1 0.999865
1 0.999756
1 0.999586
1 0.999143
1 0.998735
1 0.999475
1 0.999904
1 0.999759
1 0.999965
1 0.999668
1 0.999327
1 0.999043
1 0.999495
1 0.999715
1 0.999902
1 0.999928
1 0.999939
1 0.999806
1 0.999525
1 0.999357
1 0.999195
1 0.999252
1 0.999568
0 0.788305
0 -0.185704
0 -0.539213
0 0.993904
0 0.997624
0 0.998002
1 0.998659
1 0.998791
0 0.998261
1 0.998832
0 0.998592
0 0.998389
1 0.999287
0 0.000000
1 0.999428
1 0.999737
1 0.999813
1 0.999676
1 0.999329
1 0.998889
1 0.999263
1 0.999636
1 0.999666
1 0.999629
1 0.999469
0 0.998284
1 0.999388
1 0.999602
1 0.999760
1 0.999732
1 0.998810
1 0.999211
1 0.999861
1 0.999934
1 0.999428
1 0.999359
1 0.999747
1 0.999760
0 0.997280
1 0.998753
1 0.999352
0 0.998396
0 0.997605
1 0.998893
1 0.999814
1 0.999669
1 0.999171
1 0.999814
1 0.999291
0 0.998563
1 0.999173
1 0.999207
1 0.998684
1 0.999803
1 0.999905
0 0.998566
1 0.999596
1 0.998656
0 0.998545
1 0.999898
0 0.998115
1 0.999737
1 0.999735
0 0.997916
1 0.999560
0 0.998062
1 0.999789
1 0.999870
0 0.997670
1 0.998998
0 0.998186
1 0.999746
0 0.998083
0 0.998532
1 0.999427
1 0.999707
1 0.999994
0 0.997677
1 0.999141
1 0.999179
1 0.999949
0 0.997523
1 0.999294
0 0.998441
1 0.999795
1 0.998853
1 0.999750
1 0.999475
0 0.998240
1 0.999523
1 0.999741
0 0.998367
0 0.998618
1 0.999850
1 0.998880
1 0.999453
1 0.999869
1 0.998875
1 0.999364
1 0.999389
1 0.999217
1 0.999367
1 0.999427
1 0.998935
1 0.999262
1 0.999897
1 0.998953
1 0.998851
1 0.999840
1 0.998831
0 0.997601
0 0.997775
0 0.997987
0 0.997789
0 0.998612
1 0.999128
0 0.996385
1 0.998939
1 0.999410
0 0.996555
1 0.999744
0 0.996761
0 0.998336
0 0.994921
1 0.999415
0 0.996551
0 0.998477
0 0.998076
1 0.999378
1 0.999881
1 0.998784
1 0.999086
1 0.998989
1 0.999865
1 0.999360
1 0.999654
1 0.999062
1 0.999459
1 0.999447
1 0.999790
1 0.999914
1 0.999345
1 0.999292
1 0.999144
1 0.999578
1 0.998872
1 1.000000
1 0.999504
1 0.999722
1 0.999653
1 0.999032
1 0.998731
0 0.998519
1 0.999155
1 0.999436
1 0.998884
1 0.999870
1 0.998880
1 0.999886
1 0.999675
1 0.999521
1 0.999736
1 0.998863
1 0.999693
1 0.999908
1 0.999136
1 0.999776
1 0.999617
1 0.998975
1 0.999731
1 0.999598
1 0.999204
1 0.999879
1 0.999861
1 0.999303
1 0.999917
1 0.999805
1 0.999333
1 0.999834
1 0.999771
1 0.998965
1 0.999849
1 0.999702
1 0.999023
1 0.999509
1 0.999485
1 0.998943
0 0.997820
1 0.999448
1 0.999753
1 0.999585
1 0.998757
1 0.999882
1 0.999595
1 0.999162
1 0.999303
0 0.998256
1 0.999912
1 0.999829
1 0.999287
0 0.998103
0 0.996893
1 0.999373
1 0.999261
1 0.998817
0 0.996034
0 0.996249
1 0.999280
1 0.999653
0 0.996519
0 0.997598
0 0.997853
0 0.997851
0 0.995275
1 0.999444
1 0.999631
1 0.999677
0 0.998485
1 0.998752
0 0.998510
0 0.996981
0 0.998231
0 0.998108
1 0.998700
1 0.999680
1 0.999939
0 0.997954
1 0.999036
1 0.999441
0 0.997324
0 0.998532
1 0.998636
0 0.997404
0 0.998224
0 0.996142
0 0.997185
0 0.997618
0 0.995626
0 0.996880
0 0.995384
0 0.996851
0 0.997801
0 0.997556
0 0.998420
0 0.998279
1 0.998720
0 0.998116
0 0.998584
0 0.998268
1 0.998889
0 0.997963
1 0.998913
0 0.997895
1 0.999182
0 0.997965
1 0.999369
0 0.998161
1 0.999826
1 0.998855
0 0.996122
0 0.996095
0 0.995125
0 0.998166
0 0.996179
1 0.998998
0 0.998335
1 0.999587
1 0.999036
0 0.992952
0 0.996520
0 0.997123
0 0.998082
0 0.998290
0 0.996600
1 0.999555
0 0.995426
0 0.994325
0 0.997998
0 0.997499
0 0.997424
1 0.999776
0 0.996297
0 0.997314
1 0.999018
1 0.998770
1 0.998666
0 0.994127
0 0.998210
0 0.998621
0 0.997965
0 0.993743
0 0.997755
0 0.998097
0 0.997871
0 0.993397
0 0.997729
1 0.999304
1 0.999068
0 0.995712
0 0.996978
1 0.999638
0 0.996222
0 0.998168
0 0.998264
0 0.997504
0 0.997631
1 0.998881
1 0.999351
0 0.996538
0 0.997773
0 0.997736
0 0.994359
0 0.995523
1 0.999610
0 0.997040
0 0.998493
0 0.994058
0 0.995855
0 0.996269
0 0.994442
0 0.995601
0 0.996077
0 0.992521
0 0.995448
0 0.993931
0 0.996198
0 0.996883
0 0.994411
0 0.998101
0 0.995803
0 0.996870
0 0.994515
0 0.997045
0 0.995738
0 0.997399
0 0.998220
0 0.997366
0 0.998533
0 0.997360
0 0.997719
0 0.997458
0 0.998546
0 0.996461
1 0.998908
0 0.997313
1 0.999066
0 0.997507
0 0.997160
0 0.997649
1 0.999029
0 0.998580
0 0.997852
1 0.999648
0 0.998236
1 0.998808
0 0.997526
1 0.999286
0 0.998409
0 0.997586
1 0.999637
0 0.997451
1 0.999560
1 0.999039
1 0.999987
1 0.999576
0 0.998164
1 0.999573
1 0.999431
0 0.998054
1 0.998687
1 0.999247
0 0.998158
1 0.999545
0 0.998546
1 0.999835
1 0.999715
0 0.998411
0 0.997738
1 0.999909
0 0.998102
0 0.997411
1 0.999840
0 0.998338
0 0.997597
1 0.999977
0 0.998280
1 0.999206
0 0.997630
1 0.998779
1 0.999303
0 0.996073
0 0.996464
1 0.999048
0 0.996605
0 0.997287
0 0.993891
1 0.999109
1 0.998698
0 0.997722
0 0.998049
1 0.999327
1 0.999915
1 0.999066
1 0.999199
1 0.998802
0 0.998511
1 0.999599
1 0.999919
1 0.999888
1 0.999683
1 0.999063
1 0.999111
1 0.999665
1 0.999585
1 0.999958
1 0.999385
1 0.999468
1 0.999369
1 0.999337
0 0.998055
1 0.999885
1 0.999645
1 0.998641
1 0.999682
1 0.999549
1 0.999587
1 0.999617
0 0.998174
1 0.999162
0 0.998608
0 0.998587
1 0.998968
1 0.999297
0 0.998326
1 0.999104
1 0.999040
0 0.998219
1 0.998907
0 0.998543
1 0.999226
0 0.998239
1 0.999165
1 0.998756
1 0.999219
0 0.997861
1 0.999352
1 0.998664
1 0.999444
1 0.998666
1 0.999676
1 0.999931
1 0.999892
1 0.999733
1 0.999293
1 0.999621
1 0.999988
1 0.999850
1 0.999734
1 0.999100
0 0.997777
1 0.999400
1 0.999225
1 0.999828
1 0.999243
1 0.999510
1 0.999200
1 0.999030
0 0.998072
0 0.998498
1 0.999524
1 0.999863
1 0.999720
1 0.999951
1 0.999291
1 0.999384
1 0.999864
1 0.999750
1 0.999898
1 0.999010
1 0.999080
1 0.999825
1 0.999806
1 0.999782
0 0.998356
1 0.999448
1 0.999890
1 0.999842
0 0.998510
1 0.998976
1 0.999860
1 0.999764
1 0.999153
1 0.999686
1 0.998991
0 0.998330
1 0.999368
1 0.999874
1 0.999777
1 0.999670
1 0.999904
1 0.999924
1 0.998783
1 0.998673
1 0.999083
0 0.997933
1 0.999233
1 0.999850
1 0.998881
0 0.998483
1 0.999255
1 0.998698
1 0.999565
0 0.998395
0 0.998570
1 0.999371
0 0.997677
1 0.999439
0 0.997758
0 0.997671
1 0.998927
0 0.997511
0 0.997057
0 0.996582
1 0.999119
0 0.997063
0 0.996930
0 0.998599
0 0.998214
0 0.997072
0 0.997055
1 0.999027
0 0.995701
0 0.998309
0 0.998298
0 0.998099
0 0.997520
1 0.999321
0 0.997177
1 0.999425
0 0.996024
0 0.998415
0 0.997807
0 0.997742
0 0.997236
0 0.995173
1 0.998670
0 0.997452
1 0.998710
0 0.998464
1 0.998784
0 0.998402
0 0.996387
1 0.999319
0 0.997571
1 0.999706
0 0.998075
0 0.997650
1 0.998958
1 0.998746
0 0.997018
1 0.999041
0 0.997486
1 0.999765
0 0.997986
0 0.995855
1 0.998909
0 0.997031
0 0.996660
0 0.997816
1 0.998745
0 0.997294
0 0.997161
0 0.997928
0 0.996015
0 0.992857
0 0.998070
0 0.996439
0 0.996364
0 0.994574
0 0.995808
0 0.997167
0 0.995382
0 0.996820
0 0.994828
0 0.997299
0 0.997079
0 0.995500
1 0.999091
1 0.998786
0 0.997352
0 0.995848
0 0.996077
0 0.998485
0 0.997637
0 0.996642
0 0.997084
0 0.996068
0 0.998328
0 0.997366
0 0.996422
1 0.998758
0 0.997906
0 0.996798
0 0.996665
1 0.998640
1 0.999574
1 0.999502
1 0.999469
1 0.998969
0 0.998452
0 0.998397
0 0.997883
0 0.997715
0 0.998127
1 0.999974
1 0.999989
1 0.999965
1 0.999916
1 0.999324
1 0.999719
1 0.999612
1 0.999294
1 0.999213
1 0.999211
1 0.998855
1 0.998747
1 0.998758
1 0.998898
1 0.998961
1 0.999089
1 0.998925
1 0.999305
1 0.999184
1 0.999121
1 0.999562
1 0.999709
1 0.999743
1 0.999921
1 0.999932
1 0.999953
1 0.999986
1 0.999890
0 0.998428
0 0.998182
0 0.998557
1 0.998893
1 0.999405
1 0.999605
1 0.999709
1 0.999786
1 0.999885
1 0.999422
1 0.999004
1 0.999255
1 0.999515
1 0.999622
1 0.998868
1 0.999413
1 0.999838
1 0.998823
1 0.999061
1 0.999225
1 0.999809
1 0.999953
1 0.999053
1 0.999349
1 0.999828
1 0.999944
1 0.999761
1 0.999717
1 0.999913
1 0.999686
1 0.999143
1 0.999387
1 0.999649
1 0.999474
1 0.999764
1 0.999323
1 0.999320
1 0.999869
1 0.999543
1 0.999948
1 0.999919
1 0.999412
1 0.999252
1 0.999845
1 0.999498
1 0.999816
1 0.999597
1 0.999753
1 0.999994
1 0.999462
1 0.999833
1 0.999911
1 0.999560
1 0.999914
1 0.999622
1 0.999466
1 0.999690
1 0.999047
1 0.999177
1 0.999830
0 0.998306
1 0.999632
0 0.997811
1 0.998684
0 0.998610
1 0.998793
1 0.999147
0 0.998338
0 0.998581
0 0.996409
0 0.998390
0 0.998152
0 0.998552
1 0.999054
1 0.998885
1 0.999460
0 0.997954
1 0.999683
1 0.998879
0 0.998182
1 0.998706
1 0.999235
0 0.997525
1 0.999399
0 0.998454
0 0.998600
1 0.998913
1 0.999428
0 0.998449
0 0.998436
1 0.999507
1 0.998763
1 0.999733
1 0.999235
1 0.999718
1 0.999203
1 0.999943
1 0.999827
1 0.999282
1 0.999667
1 0.999510
1 0.999964
1 0.999574
1 0.999249
1 0.999592
1 0.999723
1 0.999431
1 0.999985
1 0.999788
1 0.999354
1 0.999648
1 0.999659
1 0.999504
1 0.999933
1 0.999917
1 0.999853
1 0.999875
1 0.999964
1 0.999981
1 0.999507
1 0.999779
1 0.999605
1 0.999534
1 0.999436
1 0.999912
1 0.999638
1 0.999744
1 0.999788
1 0.999475
1 0.999965
1 0.999865
1 0.999840
1 0.999886
1 0.999956
1 0.999952
1 0.999255
1 0.999910
1 0.999837
1 0.999920
1 0.999834
1 0.999726
1 0.999280
1 0.999861
1 0.999488
1 0.998918
1 0.999337
1 0.999948
1 0.999219
1 0.999291
1 0.999851
1 0.999527
1 0.999921
1 0.999692
1 0.999543
1 0.999344
1 0.999634
1 0.999827
1 0.999711
1 0.999846
1 0.999888
1 0.999385
1 0.999518
1 0.999070
1 0.999335
1 0.998725
1 0.999407
1 0.998676
1 0.999490
1 0.998901
1 1.000008
0 0.000000
1 0.999487
1 0.999470
1 0.999962
1 0.999162
1 0.999640
1 0.999550
1 0.999364
1 0.999282
1 0.998804
0 0.997761
0 0.998375
0 0.997376
1 0.998774
0 0.997714
0 0.997645
0 0.998231
0 0.996906
1 0.998908
0 0.996892
0 0.998246
0 0.998387
1 0.998658
0 0.998395
0 0.998397
0 0.997100
0 0.997898
0 0.996562
0 0.996939
0 0.997610
0 0.997377
0 0.997591
0 0.997386
0 0.996296
0 0.996095
0 0.000000
0 0.996411
0 0.995197
0 0.998432
0 0.995472
0 0.998611
0 0.997788
1 0.999558
1 0.998982
0 0.997624
0 0.998613
0 0.998431
1 0.999322
1 0.999235
0 0.995902
0 0.996516
0 0.996956
0 0.997527
0 0.996663
0 0.996182
0 0.997726
0 0.998566
0 0.998530
0 0.998522
0 0.997775
0 0.997207
0 0.997813
0 0.997411
0 0.998393
0 0.997285
1 0.998893
0 0.998402
0 0.997393
1 0.998747
0 0.998241
0 0.996195
1 0.998815
0 0.998148
0 0.996304
1 0.999286
1 0.998902
0 0.997266
0 0.998559
0 0.998021
0 0.997626
1 0.999334
0 0.997850
0 0.997800
1 0.999025
1 0.998975
0 0.998380
1 0.998747
1 0.998843
0 0.997858
1 0.999283
1 0.999256
0 0.997402
1 0.999051
0 0.997826
0 0.997548
0 0.997174
1 0.999222
0 0.996934
0 0.997645
0 0.997507
0 0.997930
0 0.995191
0 0.995874
0 0.996825
0 0.997314
0 0.996188
0 0.996716
0 0.998044
0 0.998215
0 0.997021
0 0.996098
0 0.997581
0 0.998541
0 0.997405
0 0.994379
0 0.998181
0 0.995677
0 0.997158
0 0.995952
1 0.999073
0 0.997699
0 0.996523
0 0.995397
0 0.993547
0 0.997720
0 0.997094
0 0.996506
0 0.996812
0 0.996521
0 0.997634
0 0.998524
0 0.996889
0 0.996134
0 0.995919
0 0.998392
0 0.996411
0 0.997556
0 0.996666
0 0.995182
0 0.995991
0 0.995678
0 0.995460
0 0.996571
0 0.996330
0 0.995123
0 0.996472
0 0.994565
0 0.997278
0 0.997229
0 0.997510
0 0.996628
0 0.996113
0 0.995609
0 0.998130
0 0.995889
0 0.998461
0 0.998566
0 0.998454
0 0.997487
0 0.997057
0 0.996225
0 0.994852
0 0.994983
0 0.995108
0 0.994647
0 0.992606
0 0.995592
0 0.995244
0 0.995387
0 0.995029
0 0.994989
0 0.992404
0 0.993920
0 0.992825
0 0.993990
0 0.994399
0 0.994059
0 0.994403
0 0.993756
0 0.994321
0 0.994337
0 0.994686
0 0.997198
0 0.996447
0 0.997444
0 0.996315
0 0.997616
0 0.998199
0 0.998005
0 0.998617
0 0.998337
0 0.998259
0 0.997474
0 0.998154
0 0.998194
0 0.998493
0 0.998214
0 0.998581
1 0.999134
1 0.999098
1 0.999628
1 0.998748
1 0.999530
1 0.999403
1 0.999847
1 0.999545
1 0.999115
1 0.999043
1 0.998956
0 0.997616
0 0.997145
0 0.997711
0 0.997354
0 0.998016
1 0.999245
1 0.999221
1 0.999009
1 0.999831
1 0.999767
1 0.999625
1 0.999553
1 0.999331
1 0.999120
1 0.999096
1 0.999161
1 0.999728
1 0.999866
1 0.999257
1 0.999488
1 0.999919
1 1.000011
1 0.999934
1 0.999824
1 0.999271
1 0.999587
1 0.999823
1 0.999905
1 0.999940
1 0.999819
1 0.999476
1 0.999960
1 0.999915
1 0.999935
1 0.999928
1 0.999875
1 0.999908
1 0.999905
1 0.999785
1 0.999323
1 0.999707
1 0.999987
1 0.999942
1 0.999645
1 0.999794
1 0.999618
1 0.999589
1 0.999969
1 0.999710
1 0.999659
1 0.999325
1 0.999861
1 0.999959
1 0.999706
1 0.999593
1 0.999885
1 0.999923
1 0.999830
1 0.999419
1 0.999833
1 0.999988
1 0.999495
1 0.999304
1 0.999685
1 0.999287
1 0.999136
1 0.999798
1 0.999079
1 0.999057
1 0.999686
0 0.998487
1 0.998834
1 0.999662
0 0.998183
1 0.999314
0 0.998535
0 0.997742
0 0.998578
0 0.996598
0 0.997335
0 0.995410
0 0.996832
0 0.998251
0 0.997405
0 0.998105
0 0.994686
0 0.997111
0 0.997889
0 0.996569
0 0.997701
0 0.996637
0 0.997503
0 0.996004
0 0.997625
0 0.993881
0 0.996462
0 0.994990
0 0.997407
0 0.995497
0 0.997647
0 0.993125
0 0.996681
0 0.995261
0 0.997633
0 0.995151
0 0.997013
0 0.996001
0 0.998498
0 0.996678
0 0.997872
0 0.996713
1 0.999087
0 0.997724
0 0.998611
0 0.997493
0 0.997997
0 0.997796
0 0.996542
0 0.998278
0 0.996824
1 0.998808
0 0.997705
0 0.996741
0 0.998530
0 0.997429
1 0.998774
0 0.997954
0 0.996879
0 0.998350
0 0.996909
0 0.996384
0 0.998225
0 0.997851
1 0.999030
1 0.998936
0 0.998401
1 0.999175
0 0.998121
0 0.997980
1 0.999149
1 0.998642
0 0.998454
1 0.999405
1 0.999099
1 0.999023
0 0.998433
1 0.999813
1 0.999387
1 0.999136
1 0.999497
1 0.999901
1 0.999794
1 0.999689
1 0.999969
1 0.999959
1 0.999839
1 0.999870
1 0.999988
1 0.999888
1 0.999676
1 0.999903
1 0.999859
1 0.999905
1 0.999977
1 0.999867
1 0.999631
1 0.999666
1 0.999994
1 0.999910
1 0.999737
1 0.999641
1 0.999580
1 0.999727
1 0.999959
1 0.999957
1 0.999991
1 0.999893
1 0.999941
1 0.999964
1 0.999892
1 0.999858
1 0.999945
1 0.999785
1 0.999885
1 0.999894
1 0.999905
1 0.999702
1 0.999411
1 0.998967
1 0.998905
1 0.998825
1 0.999355
1 0.999292
1 0.999361
1 0.999150
1 0.999256
1 0.999392
1 0.999999
1 0.999943
1 0.999894
1 0.999835
1 0.999560
1 0.999715
1 0.999771
1 0.999852
1 0.999798
0 0.998510
1 0.998931
1 0.999772
1 0.999630
1 0.999653
1 0.999770
1 0.999768
1 0.999898
1 1.000000
1 0.999985
1 0.999916
1 0.999889
1 0.999930
1 0.999674
1 0.999869
1 0.999736
1 0.999841
1 0.999922
1 0.999967
1 0.999914
1 0.999836
1 0.999679
1 0.999804
1 0.999462
1 0.999453
1 0.999593
1 0.999356
1 0.999676
1 0.999716
0 0.998298
1 0.998829
1 0.999235
1 0.999349
1 0.999406
1 0.998652
0 0.998617
1 0.999323
1 0.999515
0 0.997928
0 0.998503
1 0.998992
1 0.999487
0 0.998340
1 0.998660
1 0.998882
1 0.999045
0 0.997550
0 0.997814
0 0.998232
0 0.997029
0 0.997866
0 0.998115
0 0.996127
0 0.997018
0 0.998135
0 0.996366
0 0.996709
0 0.998240
0 0.996814
0 0.996968
0 0.997559
0 0.996706
0 0.997467
0 0.998087
0 0.997332
0 0.997614
0 0.996621
0 0.997677
0 0.997641
0 0.997398
1 0.998661
0 0.997775
0 0.998281
0 0.996792
0 0.997311
0 0.998361
0 0.997977
0 0.998550
0 0.997806
1 0.999126
1 0.998630
1 0.999370
1 0.999044
1 0.999590
0 0.998567
1 0.999529
1 0.999534
1 0.999968
1 0.999706
1 0.999930
1 0.999953
1 0.999552
1 0.999982
1 0.999826
1 0.999975
1 0.999988
1 0.999696
1 0.999964
1 0.999907
1 0.999979
1 0.999773
1 0.999939
1 0.999840
1 0.999596
1 0.999963
1 0.999874
1 0.999637
1 0.999935
1 0.999887
1 0.999711
1 0.999896
1 0.999784
1 0.999431
1 0.999826
1 0.999540
1 0.999144
1 0.999633
1 0.999503
1 0.998923
0 0.998577
1 0.999449
1 0.999004
0 0.998282
1 0.999173
0 0.998621
0 0.998031
0 0.998034
0 0.996894
0 0.998541
0 0.997264
0 0.997486
0 0.996408
0 0.994286
0 0.996664
0 0.996777
0 0.995677
0 0.995559
0 0.993825
0 0.996940
0 0.997095
0 0.996407
0 0.995711
0 0.995418
0 0.995178
0 0.993843
0 0.993795
0 0.993462
0 0.995476
0 0.995047
0 0.994230
0 0.995254
0 0.994832
0 0.995799
0 0.995295
0 0.994666
0 0.996332
0 0.996496
0 0.997081
0 0.996937
0 0.998068
0 0.997828
0 0.996950
0 0.997599
0 0.997739
0 0.997213
0 0.997615
0 0.997882
0 0.997707
0 0.998266
1 0.999021
1 0.998899
1 0.998681
1 0.998784
1 0.998885
1 0.999422
0 0.998616
0 0.998605
0 0.996935
0 0.997404
0 0.997202
0 0.997718
1 0.998874
1 0.998688
1 0.998863
1 0.999691
1 0.998704
1 0.999261
1 0.999079
1 0.999803
1 0.999630
1 0.999779
1 0.999057
1 0.999108
1 0.999657
1 0.999915
1 0.999508
1 0.999579
1 0.999984
1 0.999997
1 0.999869
1 0.999983
1 1.000012
1 0.999702
1 0.999997
1 0.999880
1 1.000013
1 0.999840
1 0.999899
1 0.999824
1 0.999923
1 0.999477
1 0.999550
1 0.999920
1 0.999809
1 0.999928
1 0.999937
1 0.999678
1 0.999721
1 0.999268
1 0.999732
1 0.999951
1 0.999886
1 0.999915
1 0.999550
1 0.999661
1 0.999838
1 0.999806
1 0.999967
1 0.999903
1 0.999961
1 0.999958
1 0.999746
1 1.000002
1 0.999656
1 0.999778
1 0.999743
1 0.999955
1 0.999536
1 0.999929
1 0.999584
1 0.999868
1 0.999195
1 0.999735
1 0.999601
1 0.999756
1 0.999296
1 0.999490
1 0.999685
1 0.999776
1 0.999958
1 0.999738
1 0.999966
1 0.999890
1 0.999920
1 0.999984
1 0.999939
1 0.999791
1 0.999909
1 0.999699
1 0.999904
1 0.999999
1 0.999941
1 0.999976
1 0.999953
1 0.999973
1 0.999883
1 0.999832
1 0.999959
1 0.999992
1 0.999934
1 1.000003
1 0.999805
1 0.999661
1 0.999896
1 0.999571
1 0.999236
0 0.998573
1 0.999444
1 0.998830
1 0.998725
0 0.998425
0 0.997971
0 0.997966
1 0.999210
1 0.998699
0 0.997848
0 0.997936
0 0.998236
0 0.998239
0 0.997274
1 0.999085
1 0.998639
1 0.998899
1 0.998637
1 0.999295
1 0.998982
1 0.998877
1 0.998855
1 0.998871
1 0.999073
1 0.998744
1 0.999055
1 0.998971
1 0.998846
0 0.998535
1 0.998708
0 0.998365
0 0.998012
0 0.997979
0 0.998153
0 0.997393
0 0.997846
0 0.998359
0 0.997342
0 0.997840
0 0.997823
0 0.998286
0 0.997132
0 0.996379
0 0.996619
0 0.997660
0 0.996448
0 0.997330
0 0.996324
0 0.996939
0 0.996716
0 0.994218
0 0.994900
0 0.995440
0 0.995594
0 0.996355
0 0.993374
0 0.993972
0 0.995302
0 0.995619
0 0.996086
0 0.994038
0 0.994565
0 0.995539
0 0.996842
0 0.993586
0 0.995121
0 0.994522
0 0.996214
0 0.994527
0 0.994818
0 0.996767
0 0.995835
0 0.996841
0 0.997611
0 0.996406
0 0.997596
0 0.997743
0 0.997234
0 0.997944
0 0.997211
0 0.997980
0 0.998291
0 0.998585
1 0.998954
1 0.998713
1 0.999340
1 0.999696
1 0.999434
1 0.999720
1 0.999260
1 0.999818
1 0.999773
1 0.999755
1 0.999589
1 0.999742
1 0.999885
1 0.999958
1 0.999698
1 0.999913
1 0.999945
1 0.999975
1 0.999891
1 1.000001
1 0.999923
1 0.999609
1 0.999901
1 0.999901
1 0.999994
1 0.999879
1 0.999998
1 0.999864
1 0.999987
1 0.999977
1 0.999945
1 0.999849
1 0.999998
1 0.999627
1 0.999456
1 0.999812
1 0.999506
1 0.999106
1 0.999600
1 0.999397
1 0.998857
0 0.998193
1 0.998712
0 0.998401
0 0.997699
0 0.996727
0 0.997830
0 0.997116
0 0.996935
0 0.996503
0 0.995593
0 0.998463
0 0.997797
0 0.998417
0 0.998451
1 0.998839
1 0.998639
1 0.999318
1 0.999070
1 0.998838
0 0.998478
0 0.998256
0 0.997916
0 0.997534
0 0.997438
0 0.996552
0 0.998361
0 0.998462
0 0.998196
0 0.998084
0 0.997880
0 0.997848
0 0.998204
0 0.997815
0 0.997605
0 0.997582
1 0.998781
1 0.998651
1 0.999223
1 0.999423
1 0.999321
1 0.999435
1 0.999681
1 0.999808
1 0.999522
0 0.998333
1 0.998819
0 0.998104
0 0.998520
1 0.998806
0 0.998545
1 0.999242
1 0.999256
1 0.999365
0 0.998195
0 0.998417
1 0.998768
1 0.998991
1 0.999332
1 0.998705
0 0.998044
1 0.998691
1 0.999225
1 0.998959
0 0.998536
1 0.998898
1 0.999232
1 0.999558
1 0.998814
1 0.998835
1 0.999469
1 0.999601
1 0.999710
1 0.999714
1 0.999778
1 0.999682
1 0.999757
1 0.999877
1 0.999630
1 0.999900
1 0.999978
1 0.999890
1 0.999995
1 0.999725
1 0.999775
1 0.999847
1 0.999506
1 0.999572
1 0.999131
1 0.999465
1 0.999586
1 0.999116
1 0.999539
1 0.998863
1 0.999628
1 0.998722
1 0.999145
0 0.998301
0 0.998599
0 0.997737
0 0.998416
0 0.997486
0 0.998025
0 0.997377
0 0.996382
0 0.997391
0 0.997476
0 0.998248
0 0.998134
1 0.999131
1 0.998938
0 0.998605
1 0.999440
1 0.999372
1 0.999174
1 0.999722
1 0.999846
1 0.999658
1 0.999862
1 0.999677
1 0.999624
1 0.999958
1 0.999884
1 0.999840
1 1.000013
1 1.000006
1 0.999962
1 0.999932
1 0.999856
1 0.999828
1 0.999957
1 0.999859
1 0.999970
1 0.999897
1 0.999964
1 1.000014
1 0.999799
1 0.999795
1 0.999941
1 0.999774
1 0.999658
1 0.999372
1 0.999193
1 0.998775
1 0.998660
0 0.998149
1 0.998969
1 0.999138
1 0.999032
1 0.998640
0 0.998405
0 0.998241
1 0.998726
0 0.997497
0 0.997847
0 0.997888
0 0.997565
0 0.998220
1 0.999101
1 0.999190
1 0.998904
1 0.998673
1 0.998870
1 0.998701
1 0.999126
1 0.999409
1 0.999505
1 0.999420
1 0.999401
1 0.998658
0 0.998378
1 0.998678
0 0.998357
0 0.998531
0 0.998533
1 0.999102
1 0.999583
1 0.999511
1 0.999830
1 0.999767
1 0.999787
1 0.999804
0 0.998599
1 0.998920
1 0.999332
1 0.999504
0 0.998345
1 0.998889
1 0.999314
1 0.999598
1 0.999343
1 0.999251
1 0.999474
1 0.999831
1 0.999655
1 0.999685
1 0.999657
1 0.998773
1 0.999188
1 0.999243
1 0.999502
1 0.999466
1 0.998785
1 0.999241
1 0.999789
1 0.999438
1 0.999863
1 0.999799
1 0.999977
1 0.999984
1 1.000018
1 0.999592
1 0.999968
1 0.999923
1 0.999983
1 0.999828
1 0.999977
1 0.999974
1 0.999924
1 0.999986
1 0.999949
1 0.999931
1 0.999788
1 0.999905
1 0.999873
1 0.999774
1 0.999960
1 0.999696
1 0.999906
1 0.999437
1 0.999366
1 0.999752
1 0.999789
1 1.000002
1 0.999990
1 0.999907
1 1.000019
1 0.999700
1 0.999740
1 0.999914
1 0.999803
1 0.999251
1 0.998950
1 0.999034
1 0.998948
0 0.998459
0 0.998264
0 0.998421
0 0.998259
0 0.998006
0 0.997290
0 0.998430
0 0.998607
0 0.997524
0 0.997361
0 0.996998
0 0.996992
0 0.997908
0 0.997524
0 0.997948
0 0.997870
0 0.998103
0 0.996913
0 0.997434
0 0.997223
0 0.998467
0 0.998366
1 0.998907
0 0.998358
0 0.998467
1 0.998682
0 0.998385
0 0.998008
0 0.997326
0 0.997885
0 0.998032
0 0.998465
0 0.997879
0 0.997640
0 0.997811
0 0.996579
0 0.997270
0 0.995904
0 0.996543
0 0.995152
0 0.994851
0 0.997153
0 0.997000
0 0.997096
0 0.997758
0 0.997838
0 0.997793
0 0.998056
0 0.997507
0 0.997742
0 0.997826
0 0.997961
1 0.998745
0 0.997325
0 0.997877
0 0.997060
0 0.998110
0 0.997933
0 0.996819
0 0.997567
0 0.998243
1 0.999081
0 0.998469
0 0.997726
0 0.998524
0 0.997992
0 0.997916
0 0.997872
0 0.996848
0 0.997564
0 0.997879
0 0.996572
0 0.997166
0 0.998155
0 0.997877
0 0.998350
1 0.998670
0 0.998500
0 0.998196
0 0.996831
0 0.997521
0 0.996978
0 0.997778
0 0.996886
0 0.997676
0 0.998490
0 0.997728
0 0.998276
0 0.997652
0 0.998549
0 0.998063
0 0.998435
0 0.997977
0 0.997890
0 0.997227
0 0.997089
0 0.997992
0 0.997798
0 0.998468
0 0.998338
0 0.996964
0 0.998295
0 0.998110
1 0.999097
1 0.998717
0 0.997911
1 0.998678
0 0.998496
0 0.998556
1 0.998991
1 0.998722
1 0.999287
1 0.999144
1 0.999523
1 0.999073
1 0.998881
1 0.999651
1 0.999539
1 0.999695
1 0.999849
1 0.999624
1 0.999851
1 0.999734
1 0.999984
1 0.999939
1 0.999989
1 0.999752
1 0.999956
1 0.999899
1 0.999799
1 0.999631
1 0.999876
1 0.999539
1 0.999333
1 0.999071
1 0.999424
1 0.999159
1 0.998632
1 0.999152
1 0.999415
1 0.999483
1 0.999624
1 0.999210
1 0.999469
1 0.999285
1 0.999303
1 0.999408
1 0.999832
1 0.999802
1 0.999700
1 0.999900
1 0.999984
1 0.999956
1 0.999924
1 1.000003
1 0.999969
1 0.999989
1 0.999943
1 0.999973
1 0.999968
1 0.999984
1 1.000003
1 0.999871
1 0.999886
1 0.999791
1 1.000000
1 0.999966
1 1.000008
1 0.999990
1 1.000016
1 0.999720
1 0.999869
1 0.999985
1 1.000012
1 0.999821
1 0.999968
1 0.999927
1 1.000023
1 0.999779
1 0.999906
1 0.999969
1 0.999987
1 0.999965
1 0.999977
1 0.999967
1 0.999884
1 0.999998
1 0.999760
1 0.999770
1 0.999909
1 0.999912
1 0.999583
1 0.999813
1 0.999245
1 0.999473
1 0.998917
1 0.999732
1 0.999294
1 0.999870
1 0.999900
1 0.999802
1 0.999971
1 0.999866
1 0.999860
1 0.999789
1 0.999852
1 0.999739
1 0.999301
1 0.999950
1 0.999906
1 0.999978
1 0.999922
1 1.000023
1 0.999933
1 0.999766
1 0.999988
1 0.999978
1 0.999955
1 0.999980
1 0.999970
1 0.999995
1 0.999967
1 0.999787
1 0.999903
1 0.999867
1 0.999782
1 0.999984
1 0.999971
1 0.999895
1 0.999966
1 0.999992
1 1.000014
1 0.999995
1 0.999994
1 0.999942
1 0.999912
1 0.999935
1 0.999778
1 0.999806
1 0.999842
1 0.999733
1 0.999423
1 0.999277
1 0.998706
1 0.999180
1 0.999281
1 0.999417
1 0.999386
1 0.999539
1 0.999501
1 0.998912
1 0.999077
1 0.999234
1 0.999574
1 0.999492
1 0.999372
1 0.999854
1 0.999897
1 0.999781
1 0.999840
1 0.999825
1 0.999760
1 0.999971
1 0.999861
1 0.999908
1 0.999730
1 0.999518
1 0.998912
1 0.999212
1 0.998942
0 0.997209
0 0.997793
0 0.997693
0 0.997255
0 0.997891
0 0.997774
0 0.997749
1 0.998640
0 0.998336
1 0.998761
1 0.998860
1 0.999107
1 0.999469
1 0.999546
1 0.999137
1 0.999537
1 0.999660
1 0.999884
1 0.999801
1 0.999264
1 0.999178
1 0.999292
1 0.999711
1 0.999182
1 0.999816
1 0.999771
1 0.999684
1 0.999881
1 1.000015
1 0.999920
1 0.999934
1 1.000001
1 0.999949
1 1.000029
1 0.999994
1 1.000013
1 1.000015
1 0.999990
1 0.999840
1 0.999753
1 0.999625
1 0.999612
0 0.998504
1 0.998999
1 0.999184
1 0.999187
1 0.999177
0 0.998629
1 0.998846
0 0.998598
1 0.999210
0 0.998079
1 0.998677
1 0.998763
1 0.998691
0 0.998228
0 0.997304
0 0.998158
0 0.998025
1 0.998737
0 0.998126
0 0.998206
0 0.997252
0 0.997318
0 0.997782
0 0.998255
0 0.997327
0 0.998192
0 0.998024
0 0.997284
0 0.997747
0 0.997721
0 0.997133
0 0.997658
0 0.998030
0 0.997342
0 0.998224
0 0.998442
0 0.996724
0 0.996743
0 0.997332
0 0.996540
0 0.996775
0 0.996705
0 0.995802
0 0.997103
0 0.996971
0 0.997075
0 0.997689
0 0.998045
0 0.998528
1 0.998995
1 0.998647
1 0.998918
1 0.999183
1 0.999240
1 0.998942
0 0.998604
0 0.998474
0 0.998458
0 0.998369
0 0.998191
0 0.998060
0 0.998302
0 0.997935
0 0.997497
0 0.998465
0 0.998579
0 0.998329
0 0.998585
1 0.998849
0 0.997607
0 0.998320
0 0.998426
0 0.998477
0 0.997873
0 0.998099
0 0.997526
0 0.997621
0 0.997187
0 0.996302
0 0.997618
0 0.996192
0 0.996880
0 0.997105
0 0.997983
0 0.997856
0 0.997224
0 0.997649
0 0.998579
0 0.998395
1 0.999098
1 0.998656
1 0.999148
1 0.999256
1 0.999128
1 0.999266
1 0.998646
1 0.998833
1 0.999024
1 0.999758
1 0.999108
1 0.999429
1 0.999561
1 0.999829
1 0.999442
1 0.999591
1 0.999748
1 0.999661
1 0.999444
1 0.999618
1 0.999582
1 0.999769
1 0.999680
1 0.999842
1 0.999811
1 0.999680
1 0.999773
1 0.999905
1 0.999903
1 0.999804
1 0.999552
1 0.999442
1 0.999479
1 0.999488
1 0.999791
1 0.999741
0 0.000000
1 0.999936
1 0.999948
1 0.999972
1 1.000003
1 0.999956
1 0.999968
1 0.999965
1 0.999986
1 0.999995
1 1.000035
1 0.999947
1 0.999969
1 0.999972
1 1.000007
1 0.999856
1 0.999885
1 0.999818
1 0.999605
1 0.999629
1 0.999910
1 0.999757
1 0.999929
1 0.999955
1 0.999789
1 0.999992
1 0.999959
1 0.999901
1 1.000000
1 0.999902
1 0.999981
1 0.999935
1 0.999852
1 0.999718
1 0.999724
1 0.999862
1 0.999652
1 0.999640
1 0.999621
1 0.999471
1 0.999730
1 0.999452
1 0.999081
1 0.999467
1 0.998932
1 0.999280
1 0.999432
0 0.998625
1 0.998848
1 0.999139
1 0.998975
1 0.999160
1 0.999308
1 0.999607
1 0.999974
1 0.999870
1 1.000008
1 0.999955
1 0.999852
1 0.999968
1 0.999967
1 0.999919
1 0.999776
1 0.999947
1 0.999930
1 1.000004
1 0.999920
1 0.999808
1 0.999931
1 0.999829
1 0.999979
1 0.999987
1 0.999934
1 0.999842
1 0.999870
1 0.999898
1 0.999898
1 0.999872
1 0.999952
1 0.999983
1 0.999884
1 0.999803
1 0.999877
1 0.999984
1 0.999985
1 0.999989
1 0.999939
1 0.999995
1 0.999988
1 0.999996
1 1.000008
1 1.000007
1 0.999917
1 0.999966
1 0.999994
1 0.999958
1 0.999748
1 0.999901
1 1.000016
1 0.999814
1 0.999952
1 0.999915
1 0.999945
1 0.999925
1 0.999730
1 0.999681
1 0.999949
1 0.999543
1 0.999639
1 0.999954
1 0.999957
1 0.999919
1 0.999979
1 1.000022
1 1.000003
1 0.999987
1 0.999829
1 0.999913
1 0.999874
1 0.999967
1 0.999618
1 0.999880
1 0.999784
1 0.999665
1 0.999919
1 0.999478
1 0.999749
1 0.999652
1 0.999954
1 0.999972
1 0.999939
1 0.999823
1 0.999899
1 0.999923
1 0.999846
1 0.999940
1 0.999996
1 1.000003
1 0.999979
1 0.999852
1 0.999593
1 0.999817
1 0.999811
1 0.999768
1 0.999788
1 0.999960
1 0.999917
1 0.999927
1 0.999984
1 1.000018
1 0.999969
1 1.000023
1 0.999995
1 1.000005
1 0.999979
1 0.999987
1 0.999997
1 1.000011
1 0.999980
1 1.000020
1 0.999945
1 0.999802
1 0.999969
1 0.999933
1 0.999990
1 0.999977
1 0.999988
1 1.000000
1 1.000024
1 0.999952
1 0.999916
1 1.000033
1 0.999979
1 0.999956
1 0.999971
1 1.000000
1 0.999974
1 1.000004
1 0.999984
1 0.999981
1 0.999954
1 0.999940
1 0.999850
1 0.999839
1 0.999749
1 0.999679
1 0.999692
1 0.999229
1 0.999525
1 0.999663
1 0.999247
1 0.999161
1 0.999486
1 0.999313
1 0.998937
1 0.999116
1 0.999294
1 0.999046
1 0.999098
1 0.999001
1 0.999713
1 0.999528
1 0.999752
1 0.999793
1 0.999854
1 0.999967
1 1.000003
1 0.999956
1 0.999949
1 0.999602
1 0.999711
1 0.999850
1 0.999825
1 0.999476
1 0.999756
1 0.999870
1 0.999963
1 0.999815
1 0.999467
1 0.999340
1 0.998810
1 0.998844
1 0.998928
1 0.998998
1 0.999002
1 0.999043
1 0.999019
1 0.999345
1 0.999101
1 0.999747
1 0.999683
1 0.999823
1 0.999777
1 0.999973
1 0.999832
1 0.999866
1 0.999804
1 0.999976
1 0.999983
1 1.000008
1 0.999920
1 0.999881
1 0.999928
1 0.999834
1 0.999974
1 0.999526
1 0.999405
1 0.999817
1 0.999429
1 0.999389
1 0.999716
1 0.999316
1 0.999614
1 0.999380
1 0.999262
1 0.999138
1 0.998757
1 0.998810
1 0.999177
1 0.998868
1 0.998956
1 0.998924
0 0.998522
1 0.998924
1 0.999267
1 0.999267
1 0.999682
1 0.999704
1 0.999859
1 0.999977
1 1.000009
1 1.000004
1 0.999990
1 1.000003
1 0.999741
1 1.000015
1 0.999997
1 0.999963
1 1.000011
1 0.999907
1 0.999713
1 0.999588
1 0.999546
1 0.999535
1 0.999781
1 0.999517
1 0.999851
1 0.999817
1 0.999803
1 1.000016
1 0.999930
1 0.999959
1 0.999864
1 0.999945
1 0.999863
1 0.999581
1 0.999812
1 0.999905
1 0.999363
1 0.999294
1 0.999741
1 0.999530
1 0.999453
1 0.999307
1 0.999942
1 0.999608
1 0.999936
1 0.999874
1 1.000017
1 1.000002
1 0.999984
1 0.999963
1 1.000008
1 1.000004
1 0.999950
1 0.999973
1 0.999609
1 0.999871
1 0.999879
1 1.000002
1 0.999995
1 1.000026
1 0.999751
1 0.999985
1 0.999729
1 0.999859
1 0.999956
1 0.999901
1 0.999944
1 0.999897
1 0.999895
1 0.999986
1 0.999951
1 0.999990
1 0.999938
1 1.000002
1 0.999886
1 0.999961
1 0.999877
1 0.999843
1 0.999968
1 1.000007
1 0.999949
1 1.000008
1 0.999977
1 0.999953
1 0.999985
1 1.000023
1 0.999900
1 0.999887
1 0.999700
1 0.999521
1 0.999392
1 0.998699
1 0.999064
1 0.998830
1 0.998758
0 0.998506
1 0.998877
1 0.998684
1 0.998646
1 0.998900
1 0.999111
1 0.998889
1 0.998658
1 0.999466
1 0.999433
1 0.999264
1 0.999602
0 0.998243
0 0.998577
0 0.998311
0 0.997544
0 0.997816
0 0.996935
0 0.997700
0 0.997121
0 0.997102
0 0.995717
0 0.996374
0 0.997249
0 0.996844
0 0.996956
0 0.997500
0 0.996691
0 0.996580
0 0.995648
0 0.996082
0 0.996960
0 0.995106
0 0.995382
0 0.994358
0 0.995511
0 0.994410
0 0.995405
0 0.995602
0 0.994235
0 0.992938
0 0.993452
0 0.994544
0 0.996277
0 0.996075
0 0.996478
0 0.995481
0 0.996715
0 0.997059
0 0.997529
0 0.997926
0 0.997842
0 0.997577
0 0.997796
0 0.998139
0 0.997617
0 0.997346
0 0.996670
0 0.996816
0 0.996015
0 0.996978
0 0.995843
0 0.996183
0 0.995620
0 0.996303
0 0.995820
0 0.996014
0 0.994953
0 0.995879
0 0.995652
0 0.993935
0 0.996063
0 0.994936
0 0.995732
0 0.994923
0 0.995102
0 0.994667
0 0.993541
0 0.994406
0 0.995695
0 0.996280
0 0.995415
0 0.995745
0 0.994793
0 0.995288
0 0.994871
0 0.993833
0 0.994042
0 0.993422
0 0.993439
0 0.995397
0 0.994894
0 0.994416
0 0.995482
0 0.994944
0 0.993648
0 0.994692
0 0.995944
0 0.995469
0 0.995826
0 0.996634
0 0.996268
0 0.995769
0 0.996089
0 0.997020
0 0.997461
0 0.996854
0 0.997196
0 0.997242
0 0.997707
0 0.996815
0 0.997050
0 0.995585
0 0.996343
0 0.996440
0 0.996751
0 0.997078
0 0.996528
0 0.996565
0 0.996001
0 0.995847
0 0.996029
0 0.995888
0 0.995893
0 0.996686
0 0.996523
0 0.997702
0 0.998468
0 0.998249
0 0.998029
0 0.997956
0 0.998414
0 0.997774
0 0.997106
0 0.997479
0 0.997904
0 0.997190
0 0.996066
0 0.996908
0 0.997243
0 0.997646
0 0.996537
0 0.997378
0 0.996735
0 0.997162
0 0.995987
0 0.995616
0 0.994350
0 0.995231
0 0.994729
0 0.995038
0 0.995624
0 0.994930
0 0.994195
0 0.994793
0 0.995757
0 0.996045
0 0.995733
0 0.996185
0 0.997355
0 0.997134
0 0.998435
0 0.998359
0 0.998589
1 0.998957
1 0.999508
1 0.999005
1 0.999549
1 0.999600
1 0.999653
1 0.999524
1 0.999489
1 0.999465
1 0.999812
1 0.999289
1 0.999559
1 0.999671
1 0.999298
1 0.999707
1 0.999479
1 0.999646
1 0.999583
1 0.999824
1 0.999699
1 1.000005
1 0.999971
1 0.999898
1 1.000018
1 0.999940
1 0.999994
1 0.999962
1 0.999931
1 0.999748
1 0.999810
1 0.999694
1 0.999661
1 0.999649
1 0.999679
1 0.999238
1 0.999348
1 0.999170
1 0.999519
0 0.998626
1 0.999044
1 0.999187
1 0.998702
1 0.999096
1 0.999148
1 0.999315
1 0.999091
1 0.999631
1 0.999737
1 0.999592
1 0.999717
1 0.999619
1 0.999682
1 0.999944
1 0.999836
1 0.999975
1 0.999956
1 1.000008
1 1.000004
1 0.999987
1 0.999924
1 0.999989
1 0.999993
1 0.999969
1 0.999998
1 0.999995
1 0.999973
1 1.000008
1 0.999902
1 0.999835
1 0.999781
1 0.999949
1 0.999872
1 0.999953
1 0.999917
1 0.999905
1 0.999886
1 0.999957
1 0.999976
1 1.000040
1 1.000030
1 1.000012
1 0.999959
1 0.999948
1 1.000015
1 0.999866
1 1.000008
1 0.999907
1 0.999926
1 0.999811
1 0.999860
1 0.999509
1 0.999784
1 0.999926
1 0.999868
1 0.999655
1 0.999801
1 0.999847
1 0.999993
1 0.999979
1 1.000020
1 0.999993
1 0.999961
1 0.999996
1 0.999866
1 1.000016
1 0.999984
1 1.000029
1 0.999999
1 0.999989
1 0.999994
1 0.999998
1 1.000034
1 0.999990
1 0.999977
1 0.999893
1 0.999979
1 0.999915
1 0.999748
1 0.999717
1 0.999562
1 0.999817
1 0.999865
1 0.999882
1 0.999982
1 0.999978
1 0.999990
1 1.000025
1 0.999989
1 0.999863
1 0.999954
1 0.999944
1 0.999617
1 0.999819
1 0.999855
1 0.999921
1 0.999728
1 0.999880
1 0.999908
1 0.999838
1 0.999957
1 0.999989
1 0.999997
1 1.000020
1 1.000009
1 0.999890
1 0.999769
1 0.999580
1 0.999517
1 0.999871
1 0.999619
1 0.999474
1 0.999162
1 0.998863
1 0.998839
0 0.998008
0 0.998223
0 0.998052
0 0.998313
0 0.998525
1 0.998657
0 0.998399
0 0.998503
1 0.998868
1 0.998741
1 0.998775
1 0.998899
1 0.999246
0 0.998542
1 0.998995
1 0.998728
0 0.997872
0 0.998110
0 0.998147
0 0.997774
0 0.997559
0 0.997797
0 0.997310
0 0.997807
0 0.996478
0 0.996829
0 0.996157
0 0.997144
0 0.997394
0 0.998133
0 0.998213
0 0.997685
0 0.998114
0 0.998253
0 0.998193
0 0.998531
1 0.999050
1 0.999318
1 0.999763
1 0.999410
1 0.999943
1 0.999823
1 0.999842
1 0.999705
1 0.999572
1 0.999356
1 0.999350
1 0.999078
1 0.999852
1 0.999848
1 0.999724
1 0.999679
1 0.999610
1 0.999960
1 0.999825
1 1.000017
1 0.999958
1 1.000036
1 0.999909
1 0.999939
1 1.000044
1 0.999970
1 1.000001
1 0.999986
1 1.000025
1 0.999922
1 0.999624
1 0.999761
1 0.999672
1 0.999524
1 0.999482
0 0.998567
0 0.998170
0 0.998420
0 0.998467
1 0.999133
1 0.999025
1 0.999295
1 0.999080
1 0.999852
1 0.999715
1 0.999954
1 0.999859
1 1.000009
1 0.999999
1 1.000008
1 0.999950
1 0.999983
1 0.999989
1 0.999968
1 0.999909
1 0.999968
1 0.999885
1 0.999982
1 0.999822
1 0.999841
1 0.999978
1 1.000024
1 0.999838
1 0.999914
1 0.999991
1 0.999978
1 0.999853
1 0.999945
1 0.999890
1 1.000000
1 1.000003
1 0.999684
1 0.999867
1 0.999579
1 0.999376
1 0.998952
0 0.998583
1 0.998692
1 0.998637
0 0.998201
0 0.998117
0 0.998422
1 0.998829
0 0.998569
1 0.998716
0 0.998263
1 0.998694
1 0.999056
0 0.998394
0 0.998079
0 0.998229
1 0.998634
0 0.998494
0 0.997533
0 0.997986
0 0.997466
0 0.997807
0 0.998096
0 0.997611
0 0.997944
0 0.998104
1 0.998672
0 0.998400
1 0.998635
0 0.998269
1 0.999371
1 0.999071
1 0.999580
1 0.999109
1 0.999415
1 0.999126
1 0.999473
1 0.999566
1 0.998796
1 0.998823
0 0.998583
1 0.998666
0 0.998024
0 0.998542
1 0.998899
0 0.998195
0 0.997995
0 0.997221
0 0.997790
0 0.997888
0 0.997662
0 0.997989
0 0.997849
0 0.997848
0 0.998167
0 0.998394
0 0.998464
1 0.998775
1 0.998783
0 0.998623
1 0.999041
1 0.999131
1 0.999276
1 0.999634
1 0.999760
1 0.999978
1 0.999955
1 0.999957
1 0.999953
1 0.999916
1 1.000000
1 0.999823
1 0.999708
1 0.999665
1 0.999629
1 0.999801
1 0.999803
1 0.999567
1 0.999936
1 0.999617
1 0.999380
1 0.999134
1 0.999705
1 0.999563
1 0.999794
1 0.999928
1 0.999862
1 0.999713
1 0.999770
1 0.999348
1 0.999444
1 0.998920
1 0.998905
1 0.998796
1 0.998909
0 0.998607
1 0.998823
1 0.998858
1 0.998978
0 0.998566
1 0.999100
1 0.999714
1 0.999809
1 0.999611
1 0.999226
1 0.999352
1 0.998955
0 0.998609
1 0.999167
1 0.999524
1 0.999503
1 0.999494
1 0.999560
1 0.999841
1 0.999917
1 0.999964
1 0.999975
1 0.999798
1 0.999531
1 0.999640
1 0.999523
1 0.999464
1 0.999371
1 0.999550
1 0.999406
1 0.999237
1 0.999168
1 0.999417
1 0.999157
0 0.997490
0 0.997748
0 0.997380
0 0.997002
0 0.997768
0 0.996996
0 0.997140
0 0.996613
0 0.997105
0 0.995846
0 0.996564
0 0.995203
0 0.995330
0 0.995995
0 0.995229
0 0.994982
0 0.994984
0 0.995056
0 0.993631
0 0.994484
0 0.993490
0 0.994285
0 0.993793
0 0.993492
0 0.993585
0 0.993147
0 0.994023
0 0.994183
0 0.993740
0 0.992728
0 0.994146
0 0.994771
0 0.995492
0 0.993596
0 0.994412
0 0.994998
0 0.994953
0 0.994633
0 0.995056
0 0.996038
0 0.995745
0 0.994579
0 0.994895
0 0.994708
0 0.995079
0 0.994475
0 0.995071
0 0.996175
0 0.996315
0 0.995656
0 0.996418
0 0.997127
0 0.997509
0 0.998024
0 0.998388
0 0.998452
0 0.998516
1 0.998882
1 0.998880
1 0.998951
1 0.998824
1 0.998754
1 0.998973
1 0.998828
1 0.998944
1 0.999204
1 0.998856
1 0.999038
1 0.999123
1 0.998837
1 0.998814
1 0.998758
0 0.998204
0 0.998583
0 0.997965
0 0.997534
0 0.997491
0 0.998216
1 0.998845
1 0.998772
1 0.998846
0 0.998590
0 0.998435
0 0.998154
0 0.998134
0 0.998171
0 0.998261
0 0.997771
1 0.999004
1 0.998750
1 0.999028
1 0.998995
1 0.999428
1 0.999724
1 0.999629
1 0.999444
1 0.999438
1 0.999500
1 0.999610
1 0.999542
1 0.999569
1 0.999484
1 0.999483
1 0.999465
1 0.999567
1 0.998906
1 0.999245
1 0.998890
1 0.999731
1 0.999448
1 0.999656
1 0.999849
1 0.999962
1 0.999895
1 1.000011
1 1.000005
1 0.999965
1 0.999896
1 0.999970
1 0.999925
1 0.999967
1 0.999996
1 0.999987
1 1.000013
1 1.000021
1 0.999969
1 0.999975
1 0.999974
1 0.999911
1 0.999831
1 0.999875
1 0.999903
1 0.999850
1 0.999627
1 0.999800
1 0.999850
1 0.999570
1 0.999621
1 0.999627
1 0.999400
1 0.999074
1 0.999043
1 0.999075
1 0.998910
1 0.999046
0 0.998534
1 0.999335
1 0.999335
1 0.999626
1 0.999647
1 0.999876
1 0.999595
1 0.999701
1 0.999716
1 0.999904
1 1.000005
1 0.999846
1 0.999946
1 0.999657
1 0.999703
0 0.000000
1 0.999780
1 0.999913
1 1.000008
1 1.000016
1 1.000020
1 0.999958
1 0.999965
1 0.999998
1 1.000000
1 0.999997
1 0.999909
1 0.999985
1 0.999954
1 0.999978
1 0.999962
1 0.999991
1 0.999989
1 1.000011
1 1.000009
1 0.999994
1 0.999978
1 0.999968
1 0.999983
1 0.999970
1 0.999918
1 0.999867
1 0.999933
1 0.999952
1 0.999984
1 0.999983
1 0.999971
1 0.999945
1 0.999924
1 0.999902
1 0.999907
1 1.000014
1 0.999866
1 0.999968
1 0.999949
1 1.000022
1 0.999997
1 0.999987
1 0.999950
1 0.999945
1 0.999954
1 0.999940
1 0.999910
1 0.999928
1 0.999945
1 0.999807
1 0.999795
1 0.999932
1 0.999941
1 1.000005
1 0.999975
1 0.999904
1 0.999931
1 0.999994
1 0.999981
1 0.999981
1 1.000004
1 0.999953
1 0.999961
1 0.999966
1 0.999909
1 0.999937
1 0.999979
1 0.999992
1 0.999993
1 0.999938
1 0.999942
1 0.999972
1 1.000020
1 0.999979
1 0.999963
1 0.999973
1 0.999911
1 0.999940
1 0.999979
1 0.999842
1 0.999733
1 0.999917
1 0.999951
1 0.999898
1 0.999965
1 0.999977
1 0.999968
1 0.999995
1 0.999996
1 0.999973
1 1.000021
1 0.999971
1 0.999958
1 0.999932
1 0.999969
1 1.000025
1 0.999938
1 0.999981
1 0.999799
1 0.999794
1 1.000033
1 0.999950
1 0.999951
1 0.999978
1 0.999833
1 0.999966
1 0.999818
1 0.999778
1 0.999481
1 0.999409
1 0.999660
1 0.998935
1 0.999284
1 0.999173
1 0.998817
1 0.998960
0 0.997924
0 0.998007
0 0.997537
0 0.997548
0 0.997211
0 0.996401
0 0.996310
0 0.996760
0 0.996521
0 0.996211
0 0.995271
0 0.995718
0 0.995534
0 0.996938
0 0.996612
0 0.996589
0 0.996902
0 0.996607
0 0.997053
0 0.997172
0 0.997831
0 0.997603
0 0.997391
0 0.997853
0 0.998557
0 0.998523
0 0.998345
0 0.998455
0 0.998349
1 0.999291
1 0.999010
1 0.998994
1 0.999489
1 0.999414
1 0.999640
1 0.999771
1 0.999747
1 0.999766
1 0.999938
1 0.999875
1 1.000006
1 1.000004
1 0.999923
1 1.000027
1 0.999993
1 1.000029
1 0.999883
1 0.999828
1 0.999886
1 0.999909
1 0.999612
1 0.999837
1 0.999662
1 0.999781
1 0.999629
1 0.999479
1 0.999468
1 0.999449
1 0.999813
1 0.999865
1 0.999906
1 0.999876
1 1.000006
1 0.999936
1 0.999830
1 0.999875
1 0.999484
1 0.999778
1 0.999808
1 0.999328
1 0.999550
1 0.999346
1 0.999455
1 0.999512
1 0.999854
1 0.999934
1 1.000003
1 1.000001
1 0.999972
1 0.999914
1 0.999879
1 0.999781
1 0.999733
1 0.999909
1 0.999821
1 0.999774
1 0.999829
1 1.000020
1 1.000004
1 1.000005
1 0.999968
1 0.999978
1 0.999841
1 0.999894
1 0.999939
1 0.999899
1 0.999416
1 0.999693
1 0.999724
1 0.999180
1 0.999511
1 0.999635
1 0.999615
1 0.999684
1 0.999817
1 0.999720
1 0.999788
1 0.999676
1 0.999720
1 0.999817
1 0.999896
1 0.999758
1 0.999770
1 0.999255
1 0.999218
1 0.999385
1 0.999663
1 0.999412
1 0.999069
0 0.998206
0 0.997851
0 0.998288
0 0.998500
0 0.998287
0 0.998216
0 0.998167
0 0.998346
1 0.998674
0 0.997607
0 0.998058
0 0.996834
0 0.997730
0 0.996802
0 0.996656
0 0.996864
0 0.997100
0 0.997255
0 0.996371
0 0.997277
0 0.995991
0 0.997324
0 0.996753
0 0.997021
0 0.998076
0 0.997566
0 0.997692
0 0.997479
0 0.997382
0 0.998178
0 0.997813
0 0.998179
1 0.998690
1 0.998644
1 0.998835
1 0.998940
1 0.998965
1 0.999133
1 0.999443
1 0.999339
1 0.999567
1 0.999483
1 0.999305
1 0.999570
1 0.998787
0 0.998617
0 0.998461
1 0.998861
0 0.998317
0 0.998061
0 0.998046
0 0.997706
0 0.997913
0 0.997351
0 0.997128
0 0.997098
0 0.997062
0 0.996773
0 0.996715
0 0.995898
0 0.995948
0 0.996468
0 0.996414
0 0.996622
0 0.997736
0 0.997827
0 0.997589
0 0.998242
1 0.998863
0 0.998422
1 0.999059
1 0.998695
1 0.999307
1 0.998738
1 0.998705
1 0.999022
1 0.999100
1 0.999569
1 0.999314
1 0.999707
1 0.999691
1 0.999468
1 0.999271
1 0.999647
1 0.999859
1 0.999813
1 0.999688
1 0.999413
1 0.999653
1 0.999684
1 0.999571
1 0.999931
1 0.999720
1 0.999964
1 1.000017
1 0.999979
1 0.999970
1 0.999961
1 0.999586
1 0.999911
1 0.999883
1 0.999609
1 0.999699
1 0.999669
1 0.999189
1 0.999535
1 0.999730
1 0.999757
1 0.999955
1 1.000007
1 0.999961
1 1.000012
1 1.000018
1 0.999970
1 0.999940
1 0.999978
1 0.999920
1 0.999893
1 0.999900
1 0.999929
1 0.999772
1 0.999793
1 0.999708
0 0.000000
1 0.999338
1 0.999582
1 0.999275
1 0.999550
1 0.999694
1 0.999475
1 0.999389
1 0.999121
1 0.999261
1 0.999249
1 0.998798
1 0.999033
1 0.999510
1 0.999408
1 0.998963
1 0.998792
1 0.998887
1 0.998640
0 0.998064
1 0.998673
1 0.998781
1 0.999323
1 0.999174
1 0.998822
1 0.998964
1 0.999368
1 0.999180
1 0.999126
1 0.999613
1 0.999545
1 0.999888
1 0.999809
1 0.999928
1 0.999884
1 0.999977
1 0.999975
1 1.000039
1 0.999978
1 1.000014
1 0.999989
1 1.000009
1 0.999999
1 0.999979
1 0.999969
1 1.000001
1 0.999987
1 0.999926
1 1.000036
1 0.999986
1 0.999965
1 0.999968
1 1.000039
1 1.000013
1 0.999951
1 0.999979
1 0.999986
1 0.999987
1 0.999789
1 0.999941
1 0.999903
1 0.999888
1 0.999797
1 0.999699
1 0.999468
1 0.999358
1 0.999555
1 0.999312
1 0.999309
1 0.999756
1 0.999706
1 0.999407
1 0.999702
1 0.999140
1 0.999300
1 0.999393
1 0.999896
1 0.999562
1 0.999332
1 0.999587
1 0.999488
1 0.999454
1 0.999666
1 0.999861
1 0.999396
1 0.999582
1 0.999653
1 0.999271
1 0.999462
1 0.999523
1 0.999645
1 0.999600
1 0.999489
1 0.999944
1 0.999957
1 0.999995
1 0.999971
1 0.999943
1 0.999958
1 0.999958
1 1.000022
1 0.999993
1 0.999980
1 1.000007
1 0.999917
1 0.999882
1 0.999936
1 0.999958
1 0.999885
1 0.999833
1 0.999601
1 0.999526
1 0.999483
1 0.999462
1 0.999551
1 0.999533
1 0.999537
1 0.999697
1 0.999488
1 0.999537
1 0.999023
1 0.999124
1 0.999297
1 0.999469
1 0.999227
1 0.999495
1 0.999859
1 0.999834
1 0.999625
1 0.999851
1 0.999871
1 0.999889
1 0.999844
1 0.999537
1 0.999700
1 0.999756
1 0.999730
1 0.999604
1 0.999479
1 0.999609
1 0.999302
1 0.998902
1 0.999146
1 0.999091
0 0.998328
1 0.998745
1 0.998828
1 0.998748
1 0.999014
1 0.998891
1 0.999617
1 0.999752
1 0.999658
1 0.999486
1 0.999891
1 0.999741
1 0.999893
1 0.999963
1 0.999856
1 1.000009
1 0.999992
1 0.999951
1 0.999903
1 0.999832
1 0.999922
1 0.999746
1 0.999525
1 0.999536
1 0.999286
1 0.999242
1 0.999017
1 0.999190
1 0.999262
1 0.999437
1 0.999497
1 0.999650
1 0.999743
1 0.999642
1 0.999940
1 0.999751
1 0.999643
1 0.999721
1 0.999799
1 0.999842
1 0.999249
1 0.999518
1 0.999307
1 0.999118
0 0.998544
1 0.998947
0 0.998199
1 0.998826
0 0.998503
0 0.998180
0 0.998307
0 0.997742
0 0.997913
0 0.998310
1 0.998691
1 0.998954
0 0.998199
0 0.998473
0 0.998344
0 0.998055
0 0.998524
1 0.999436
1 0.999099
1 0.999223
1 0.998904
1 0.999448
1 0.999202
1 0.999282
1 0.998840
1 0.999086
1 0.999102
1 0.999112
1 0.998749
1 0.999069
1 0.998905
1 0.999082
1 0.998789
1 0.998895
0 0.998577
1 0.998984
0 0.998551
0 0.998523
1 0.998650
0 0.997769
0 0.998250
1 0.998654
0 0.998392
0 0.997783
0 0.998347
0 0.997521
0 0.997858
0 0.996587
0 0.997439
0 0.997335
0 0.996298
0 0.996789
0 0.996859
0 0.995227
0 0.995655
0 0.996533
0 0.996035
0 0.995885
0 0.996618
0 0.995393
0 0.996125
0 0.996974
0 0.997599
0 0.997628
0 0.997600
0 0.997970
0 0.997962
0 0.997566
0 0.997941
0 0.997377
0 0.997494
0 0.997749
0 0.997212
0 0.997240
0 0.997384
0 0.997590
0 0.997484
0 0.997064
0 0.996653
0 0.996697
0 0.996681
0 0.996106
0 0.995871
0 0.995691
0 0.995487
0 0.995820
0 0.995873
0 0.995608
0 0.996048
0 0.996847
0 0.995307
0 0.995496
0 0.994997
0 0.994678
0 0.995241
0 0.995378
0 0.995589
0 0.994807
0 0.993611
0 0.993106
0 0.994020
0 0.993853
0 0.993310
0 0.992342
0 0.993427
0 0.993562
0 0.993200
0 0.994531
0 0.995741
0 0.995271
0 0.996539
0 0.996675
0 0.997935
0 0.997368
0 0.997974
1 0.998676
0 0.998288
1 0.998801
1 0.998967
1 0.999597
1 0.999086
1 0.999082
1 0.999078
1 0.999274
1 0.999298
1 0.999217
1 0.999668
1 0.999405
1 0.999533
1 0.999837
1 0.999692
1 0.999798
1 0.999773
1 0.999632
1 0.999932
1 0.999922
1 0.999897
1 1.000041
1 0.999936
1 0.999913
1 0.999946
1 1.000025
1 1.000003
1 0.999961
1 0.999885
1 0.999718
1 0.999690
1 0.999487
1 0.999483
1 0.999134
1 0.999222
1 0.999300
1 0.999387
1 0.999285
1 0.999406
1 0.999148
0 0.998093
1 0.998789
0 0.998480
0 0.998484
0 0.997985
0 0.997464
0 0.998084
0 0.998442
0 0.998240
0 0.997688
0 0.997848
0 0.997623
0 0.997435
0 0.996983
0 0.997208
0 0.997291
0 0.997214
0 0.997750
0 0.997611
0 0.998535
0 0.998471
0 0.998598
1 0.999092
1 0.999107
1 0.998747
1 0.999354
1 0.999753
1 0.999455
1 0.999457
1 0.999520
1 0.999740
1 0.999619
1 0.998947
1 0.999139
1 0.999060
1 0.999105
1 0.998920
0 0.998506
1 0.999000
1 0.998855
1 0.998946
0 0.998590
1 0.999630
1 0.999422
1 0.999158
1 0.999040
1 0.999444
1 0.999852
1 0.999574
1 0.999494
1 0.999316
1 0.999916
1 0.999607
1 0.999235
1 0.999418
1 0.999081
0 0.998160
1 0.998689
0 0.998538
0 0.998139
0 0.998253
0 0.998006
0 0.997874
0 0.997424
0 0.997190
0 0.997488
0 0.997228
0 0.997719
0 0.996437
0 0.997367
0 0.996977
0 0.994755
0 0.996832
0 0.996333
0 0.000000
0 0.997885
0 0.997841
0 0.997762
0 0.998481
0 0.998275
0 0.998161
0 0.998031
0 0.998260
0 0.998605
1 0.998726
1 0.998717
1 0.998982
1 0.999311
1 0.999822
1 0.999671
1 0.999480
1 0.999457
1 0.999614
0 0.000000
1 0.999738
1 0.999621
1 0.999598
1 0.999518
1 0.999799
1 0.999805
1 0.999850
1 0.999518
1 0.999543
1 0.999604
1 0.999694
1 0.999827
1 0.999717
1 0.999773
1 0.999179
1 0.999112
1 0.999453
1 0.999308
1 0.999319
1 0.998699
1 0.998706
0 0.998229
0 0.997827
0 0.997788
0 0.996894
0 0.997100
0 0.997183
0 0.997181
0 0.997046
0 0.996675
0 0.997248
0 0.997527
0 0.998004
0 0.998208
0 0.997814
0 0.998006
0 0.996977
0 0.997173
0 0.997270
0 0.997749
0 0.997513
0 0.998374
0 0.998244
1 0.999092
1 0.999337
1 0.999158
1 0.998901
0 0.998571
0 0.998564
0 0.998248
0 0.998255
0 0.998091
1 0.998718
0 0.998488
0 0.998542
1 0.998851
0 0.998312
1 0.998802
0 0.998028
1 0.998676
0 0.998286
1 0.998678
0 0.998205
0 0.998330
0 0.998544
1 0.999014
1 0.998748
0 0.998337
1 0.998979
1 0.999315
1 0.999526
1 0.999422
1 0.999563
1 0.999507
1 0.999235
1 0.999665
1 0.999674
1 0.999795
1 0.999840
1 0.999977
1 0.999928
1 0.999733
1 0.999787
1 0.999939
1 0.999436
1 0.999402
1 0.999603
1 0.999468
1 0.999684
1 0.999849
1 0.999895
1 0.999731
1 0.999730
1 0.999769
1 0.999634
1 0.999847
1 0.999939
1 0.999874
1 0.999982
1 0.999994
1 0.999948
1 0.999686
1 1.000007
1 0.999978
1 0.999963
1 0.999943
1 0.999978
1 0.999970
1 0.999889
1 0.999973
1 1.000014
1 0.999969
1 0.999960
1 0.999958
1 0.999974
1 0.999978
1 0.999915
1 0.999962
1 1.000007
1 0.999996
1 0.999957
1 0.999962
1 1.000019
1 0.999925
1 0.999837
1 0.999612
1 0.999683
1 0.999756
1 0.999396
1 0.999548
1 0.999590
1 0.999701
1 0.999325
1 0.999497
1 0.999482
1 0.999270
1 0.999840
1 0.999835
1 0.999927
1 1.000010
1 0.999908
1 0.999984
1 0.999963
1 0.999996
1 0.999993
1 0.999916
1 0.999931
1 0.999963
1 0.999900
1 0.999977
1 0.999938
1 0.999996
1 0.999826
1 0.999894
1 0.999980
1 0.999881
1 0.999736
1 0.999244
1 0.998803
1 0.999411
1 0.999467
1 0.999250
1 0.999440
1 0.999549
1 0.999610
1 0.999354
1 0.998823
0 0.998607
1 0.999056
0 0.997340
1 0.998645
0 0.998493
0 0.998397
1 0.998742
1 0.999276
1 0.999025
1 0.999319
1 0.999179
1 0.999100
1 0.999540
1 0.998971
1 0.999318
1 0.999229
1 0.998961
0 0.998600
1 0.998839
1 0.999026
1 0.999017
1 0.999138
1 0.998834
1 0.999168
1 0.999346
1 0.998901
1 0.999124
1 0.998844
0 0.998465
1 0.998983
0 0.998622
0 0.998574
0 0.998427
0 0.997890
0 0.998139
1 0.998725
0 0.998179
0 0.997922
1 0.998643
0 0.998503
0 0.998562
0 0.998346
0 0.998353
1 0.998681
1 0.998630
0 0.998606
1 0.998688
1 0.999109
1 0.999559
1 0.999421
1 0.999372
1 0.999158
1 0.998639
1 0.998991
1 0.999097
1 0.999146
1 0.998764
1 0.998721
0 0.998627
1 0.999341
1 0.999502
1 0.999491
1 0.999576
1 0.999757
1 0.999635
1 0.999632
1 0.999899
1 1.000029
1 0.999942
1 1.000036
1 0.999972
1 0.999942
1 0.999821
1 0.999911
1 0.999900
1 0.999785
1 0.999962
1 0.999960
1 0.999769
1 0.999857
1 0.999741
1 0.999527
1 0.999374
1 0.998898
1 0.998823
1 0.998911
1 0.998709
0 0.998341
0 0.998502
1 0.998714
1 0.998739
0 0.997953
0 0.998295
0 0.998491
0 0.998143
0 0.998115
0 0.997985
0 0.997846
0 0.997824
0 0.998512
0 0.998123
0 0.998097
0 0.998593
1 0.999083
1 0.999565
1 0.999567
1 0.999745
1 0.999774
1 0.999864
1 0.999742
1 0.999982
1 0.999909
1 0.999957
1 1.000031
1 0.999914
1 0.999925
1 0.999884
1 0.999970
1 1.000013
1 0.999968
1 0.999848
1 0.999947
1 0.999767
1 0.999859
1 0.999621
1 0.999723
1 0.999808
1 0.999931
1 0.999970
1 0.999963
1 0.999997
1 0.999980
1 1.000005
1 0.999989
1 0.999919
1 1.000001
1 0.999959
1 0.999981
1 0.999974
1 0.999951
1 0.999999
1 0.999989
1 0.999882
1 0.999962
1 1.000021
1 0.999987
1 0.999930
1 0.999965
1 0.999816
1 0.999851
1 0.999958
1 0.999987
1 0.999995
1 0.999948
1 0.999935
1 0.999829
1 0.999815
1 0.999853
1 0.999479
1 0.999056
1 0.999301
1 0.999447
1 0.999568
1 0.999491
1 0.999340
1 0.999337
1 0.999491
1 0.999298
1 0.998990
1 0.999017
0 0.998555
0 0.998403
1 0.998909
0 0.998472
0 0.997459
0 0.998525
0 0.998149
0 0.997837
1 0.998794
1 0.998847
1 0.999019
1 0.999150
1 0.999417
1 0.999546
1 0.999774
1 0.999533
1 0.999911
1 0.999896
1 0.999900
1 0.999787
1 0.999679
1 0.999793
1 0.999767
1 0.999446
1 0.999446
1 0.999215
1 0.999022
1 0.998831
1 0.999572
1 0.999832
1 0.999686
1 0.999601
1 0.999441
1 0.999200
1 0.999415
1 0.999641
1 0.999598
1 0.999771
1 0.999890
1 0.999951
1 0.999951
1 0.999920
1 0.999960
1 0.999991
1 0.999895
1 0.999538
1 0.999741
1 0.999826
1 0.999782
1 0.999954
1 0.999957
1 1.000019
1 0.999958
1 0.999896
1 0.999986
1 0.999982
1 0.999990
1 0.999961
1 0.999983
1 1.000015
1 0.999860
1 0.999912
1 0.999963
1 0.999994
1 0.999997
1 0.999980
1 1.000010
1 1.000021
1 1.000001
1 0.999926
1 0.999876
1 0.999871
1 0.999817
1 1.000009
1 0.999955
1 1.000035
1 1.000016
1 0.999944
1 0.999943
1 0.999702
1 0.999879
1 0.999597
1 0.999688
1 0.999595
1 0.999695
1 0.999858
1 0.999846
1 0.999709
1 0.999670
1 0.999640
1 0.999782
1 0.999988
1 0.999953
1 1.000004
1 1.000033
1 1.000041
1 0.999984
1 0.999999
1 1.000018
1 0.999977
1 0.999901
1 0.999891
1 0.999733
1 0.999928
1 0.999898
1 0.999949
1 0.999982
1 0.999994
1 0.999895
1 0.999813
1 0.999622
1 0.999718
1 0.999609
1 0.999602
1 0.999912
1 0.999739
1 0.999810
1 0.999821
1 0.999198
1 0.999600
1 0.999603
1 0.999576
1 0.999638
1 0.998997
1 0.999138
1 0.999214
1 0.998992
1 0.999369
1 0.999445
1 0.999318
1 0.998940
0 0.998629
1 0.999378
1 0.999343
1 0.999813
1 0.999691
1 0.999903
1 0.999976
1 0.999894
1 1.000007
1 0.999984
1 0.999963
1 0.999946
1 0.999943
1 0.999938
1 0.999969
1 0.999985
1 0.999941
1 0.999774
1 0.999819
1 0.999822
1 0.999692
1 0.999805
1 0.999400
1 0.999441
1 0.999361
1 0.999365
1 0.999296
1 0.999316
1 0.999345
1 0.999462
1 0.999418
1 0.998783
1 0.999189
1 0.998974
0 0.998251
1 0.998870
1 0.999002
1 0.999298
1 0.999300
1 0.999140
1 0.999550
1 0.999874
1 0.999933
1 0.999961
1 0.999990
1 1.000022
1 1.000040
1 0.999976
1 1.000012
1 0.999812
1 0.999843
1 0.999602
1 0.999743
1 0.999639
1 0.999274
1 0.999550
1 0.998998
1 0.999338
1 0.998712
0 0.997793
0 0.998425
1 0.998896
0 0.998594
0 0.998095
0 0.998146
0 0.998111
0 0.998257
0 0.998366
0 0.998582
0 0.998593
1 0.999152
1 0.999506
1 0.999310
1 0.999814
1 0.999726
1 0.999618
1 0.999715
1 0.999400
1 0.999269
1 0.999466
1 0.999706
1 0.999997
1 0.999920
1 1.000013
1 1.000005
1 0.999977
1 0.999911
1 0.999569
1 0.999753
1 0.999530
1 0.998673
0 0.998340
0 0.998587
1 0.998639
1 0.998881
1 0.999092
1 0.998776
0 0.998513
0 0.998133
0 0.997935
0 0.998460
1 0.998900
1 0.999069
1 0.999376
0 0.998331
0 0.998476
0 0.998395
0 0.997985
0 0.998105
0 0.997844
0 0.997296
0 0.996746
0 0.996431
0 0.996477
0 0.996561
0 0.996487
0 0.997459
0 0.997723
0 0.997925
0 0.998031
0 0.998553
0 0.998362
0 0.998567
0 0.998499
1 0.998920
1 0.999092
1 0.999316
1 0.998873
1 0.999007
1 0.998885
1 0.998708
0 0.998249
0 0.998067
0 0.998446
0 0.997638
0 0.997901
0 0.997987
0 0.997850
0 0.997884
0 0.998322
1 0.998851
0 0.998615
0 0.998384
0 0.998269
1 0.999382
1 0.999223
1 0.999694
1 0.999583
1 0.999598
1 0.999401
1 0.999736
1 0.999956
1 0.999851
1 0.999769
1 0.999938
1 0.999998
1 0.999945
1 0.999988
1 1.000004
1 0.999980
1 0.999969
1 0.999955
1 0.999950
1 0.999978
1 0.999994
1 0.999924
1 0.999616
1 0.999786
1 0.999632
1 0.999575
1 0.999348
1 0.999496
1 0.999473
1 0.999334
1 0.999523
1 0.999379
1 0.999850
1 0.999795
1 0.999561
1 0.999383
1 0.999457
1 0.999031
1 0.999682
1 0.999609
1 0.999634
1 0.999823
1 1.000049
1 0.999946
1 0.999952
1 1.000016
1 0.999982
1 1.000010
1 0.999928
1 0.999907
1 0.999720
1 0.999875
1 0.999496
1 0.999808
1 0.999812
1 0.999939
1 0.999958
1 0.999843
1 0.999935
1 1.000012
1 0.999987
1 0.999969
1 1.000020
1 0.999931
1 0.999781
1 0.999825
1 0.999850
1 0.999530
1 0.999675
1 0.999535
1 0.999788
1 0.999804
1 0.999686
1 0.999605
1 0.999543
1 0.999581
1 0.999797
1 0.999801
1 0.999979
1 0.999964
1 0.999973
1 0.999970
1 1.000009
1 0.999919
1 0.999779
1 0.999970
1 1.000005
1 0.999978
1 0.999905
1 0.999977
1 0.999971
1 0.999981
1 0.999885
1 0.999708
1 0.999645
1 0.999631
1 0.999718
1 0.999490
1 0.999408
1 0.999372
1 0.999322
1 0.999573
1 0.999676
1 0.999672
1 0.999677
1 0.999568
1 0.999757
1 0.999732
1 0.999906
1 0.999868
1 0.999952
1 1.000001
1 0.999934
1 0.999955
1 1.000007
1 0.999940
1 0.999956
1 1.000017
1 0.999837
1 0.999946
1 0.999981
1 0.999958
1 1.000000
1 0.999987
1 0.999946
1 1.000028
1 0.999986
1 0.999925
1 0.999958
1 0.999794
1 0.999735
1 0.999737
1 0.999697
1 0.999399
1 0.999748
1 0.999977
1 0.999998
1 0.999965
1 1.000013
1 0.999962
1 1.000018
1 0.999970
1 0.999997
1 0.999993
1 0.999729
1 0.999914
1 0.999855
1 0.999925
1 0.999918
1 0.999964
1 1.000014
1 1.000012
1 0.999965
1 0.999995
1 0.999958
1 0.999999
1 0.999994
1 0.999876
1 0.999941
1 0.999998
1 0.999965
1 0.999953
1 0.999995
1 0.999980
1 0.999911
1 0.999720
1 0.999798
1 0.999559
1 0.999587
1 0.999815
1 0.999832
1 0.999892
1 0.999871
1 0.999969
1 0.999978
1 1.000014
1 0.999875
1 0.999787
1 0.999501
1 0.999413
1 0.999256
1 0.999735
1 0.999573
1 0.999790
1 0.999860
1 0.999854
1 0.999966
1 0.999997
1 1.000015
1 0.999963
1 0.999992
1 0.999877
1 0.999917
1 1.000006
1 0.999996
1 0.999988
1 0.999965
1 0.999956
1 0.999999
1 0.999901
1 1.000003
1 0.999894
1 0.999919
1 0.999788
1 0.999754
1 0.999900
1 0.999933
1 0.999801
1 0.999853
1 0.999925
1 0.999968
1 1.000008
1 1.000017
1 1.000022
1 0.999989
1 0.999941
1 0.999831
1 0.999943
1 0.999922
1 1.000015
1 0.999968
1 0.999992
1 1.000015
1 0.999927
1 0.999947
1 0.999916
1 0.999847
1 0.999942
1 0.999996
1 1.000014
1 0.999965
1 0.999986
1 0.999992
1 1.000009
1 0.999997
1 0.999970
1 0.999994
1 0.999975
1 0.999932
1 0.999989
1 1.000003
1 0.999999
1 0.999973
1 0.999976
1 0.999889
1 0.999840
1 1.000002
1 0.999940
1 0.999992
1 0.999877
1 0.999968
1 0.999874
1 0.999706
1 0.999650
1 0.999503
1 0.999185
1 0.999448
1 0.999136
1 0.998937
1 0.998761
1 0.998665
0 0.998424
0 0.998395
0 0.998548
1 0.998803
0 0.998391
0 0.997674
0 0.998103
0 0.998255
0 0.997652
0 0.998543
1 0.999106
1 0.998942
1 0.998734
1 0.999238
1 0.999195
1 0.999115
1 0.999467
1 0.999498
1 0.999320
1 0.999407
1 0.999462
1 0.999430
1 0.999358
1 0.999459
1 0.999772
1 0.999304
1 0.999336
1 0.998791
1 0.999314
1 0.999014
1 0.999027
1 0.999015
1 0.998785
1 0.999165
1 0.999327
1 0.998764
1 0.999058
1 0.999416
1 0.999300
1 0.998900
0 0.998467
0 0.998510
1 0.999026
1 0.999247
1 0.999499
1 0.999344
1 0.999031
1 0.999088
1 0.999045
1 0.998929
1 0.998860
1 0.998717
1 0.999036
1 0.999041
0 0.998577
0 0.998408
0 0.998430
0 0.998288
0 0.998221
0 0.998290
0 0.997475
0 0.997502
0 0.998131
0 0.997876
0 0.997230
0 0.996721
0 0.996908
0 0.997037
0 0.997032
0 0.997246
0 0.997516
0 0.997851
