137.500000 -4720.000000 6042.000000 
137.500000 -4720.000000 6042.000000 
146.100000 -4720.000000 6042.000000 
146.100000 -4720.000000 6042.000000 
154.800000 -4720.000000 6042.000000 
154.800000 -4720.000000 6042.000000 
163.400000 -4720.000000 6042.000000 
163.400000 -4720.000000 6042.000000 
172.100000 -4720.000000 6041.000000 
172.100000 -4720.000000 6041.000000 
180.800000 -4720.000000 6041.000000 
180.800000 -4720.000000 6041.000000 
189.400000 -4720.000000 6041.000000 
189.400000 -4720.000000 6041.000000 
198.200000 -4720.000000 6041.000000 
198.200000 -4720.000000 6041.000000 
206.800000 -4720.000000 6041.000000 
206.800000 -4720.000000 6041.000000 
215.500000 -4719.000000 6040.000000 
215.500000 -4719.000000 6040.000000 
224.200000 -4719.000000 6040.000000 
224.200000 -4719.000000 6040.000000 
232.800000 -4719.000000 6040.000000 
232.800000 -4719.000000 6040.000000 
241.500000 -4719.000000 6040.000000 
241.500000 -4719.000000 6040.000000 
250.200000 -4719.000000 6040.000000 
250.200000 -4719.000000 6040.000000 
258.800000 -4719.000000 6039.000000 
258.800000 -4719.000000 6039.000000 
267.500000 -4718.000000 6039.000000 
267.500000 -4718.000000 6039.000000 
276.200000 -4718.000000 6039.000000 
276.200000 -4718.000000 6039.000000 
284.900000 -4718.000000 6039.000000 
284.900000 -4718.000000 6039.000000 
293.600000 -4718.000000 6038.000000 
293.600000 -4718.000000 6038.000000 
302.200000 -4718.000000 6038.000000 
302.200000 -4718.000000 6038.000000 
310.900000 -4717.000000 6038.000000 
310.900000 -4717.000000 6038.000000 
319.600000 -4717.000000 6038.000000 
319.600000 -4717.000000 6038.000000 
328.200000 -4717.000000 6037.000000 
328.200000 -4717.000000 6037.000000 
336.900000 -4717.000000 6037.000000 
336.900000 -4717.000000 6037.000000 
345.500000 -4716.000000 6037.000000 
345.500000 -4716.000000 6037.000000 
354.200000 -4716.000000 6036.000000 
354.200000 -4716.000000 6036.000000 
362.900000 -4716.000000 6036.000000 
362.900000 -4716.000000 6036.000000 
371.500000 -4716.000000 6036.000000 
371.500000 -4716.000000 6036.000000 
380.200000 -4715.000000 6035.000000 
380.200000 -4715.000000 6035.000000 
388.800000 -4715.000000 6035.000000 
388.800000 -4715.000000 6035.000000 
397.500000 -4715.000000 6035.000000 
397.500000 -4715.000000 6035.000000 
406.200000 -4715.000000 6034.000000 
406.200000 -4715.000000 6034.000000 
414.800000 -4714.000000 6034.000000 
414.800000 -4714.000000 6034.000000 
423.600000 -4714.000000 6034.000000 
423.600000 -4714.000000 6034.000000 
432.200000 -4714.000000 6033.000000 
432.200000 -4714.000000 6033.000000 
440.900000 -4713.000000 6033.000000 
440.900000 -4713.000000 6033.000000 
449.500000 -4713.000000 6033.000000 
449.500000 -4713.000000 6033.000000 
458.200000 -4713.000000 6032.000000 
458.200000 -4713.000000 6032.000000 
466.900000 -4713.000000 6032.000000 
466.900000 -4713.000000 6032.000000 
475.500000 -4712.000000 6031.000000 
475.500000 -4712.000000 6031.000000 
484.100000 -4712.000000 6031.000000 
484.100000 -4712.000000 6031.000000 
492.800000 -4711.000000 6030.000000 
492.800000 -4711.000000 6030.000000 
501.500000 -4711.000000 6030.000000 
501.500000 -4711.000000 6030.000000 
510.100000 -4711.000000 6030.000000 
510.100000 -4711.000000 6030.000000 
518.800000 -4710.000000 6029.000000 
518.800000 -4710.000000 6029.000000 
527.500000 -4710.000000 6029.000000 
527.500000 -4710.000000 6029.000000 
536.100000 -4710.000000 6028.000000 
536.100000 -4710.000000 6028.000000 
544.700000 -4709.000000 6028.000000 
544.700000 -4709.000000 6028.000000 
553.400000 -4709.000000 6027.000000 
553.400000 -4709.000000 6027.000000 
562.000000 -4709.000000 6027.000000 
562.000000 -4709.000000 6027.000000 
570.700000 -4708.000000 6026.000000 
570.700000 -4708.000000 6026.000000 
579.400000 -4708.000000 6026.000000 
579.400000 -4708.000000 6026.000000 
588.000000 -4707.000000 6025.000000 
588.000000 -4707.000000 6025.000000 
596.600000 -4707.000000 6025.000000 
596.600000 -4707.000000 6025.000000 
605.300000 -4707.000000 6024.000000 
605.300000 -4707.000000 6024.000000 
614.000000 -4706.000000 6024.000000 
614.000000 -4706.000000 6024.000000 
622.600000 -4706.000000 6023.000000 
622.600000 -4706.000000 6023.000000 
631.200000 -4705.000000 6022.000000 
631.200000 -4705.000000 6022.000000 
639.900000 -4705.000000 6022.000000 
639.900000 -4705.000000 6022.000000 
648.500000 -4704.000000 6021.000000 
648.500000 -4704.000000 6021.000000 
657.200000 -4704.000000 6021.000000 
657.200000 -4704.000000 6021.000000 
665.800000 -4703.000000 6020.000000 
665.800000 -4703.000000 6020.000000 
674.500000 -4703.000000 6019.000000 
674.500000 -4703.000000 6019.000000 
683.100000 -4702.000000 6019.000000 
683.100000 -4702.000000 6019.000000 
691.800000 -4702.000000 6018.000000 
691.800000 -4702.000000 6018.000000 
700.400000 -4702.000000 6018.000000 
700.400000 -4702.000000 6018.000000 
709.000000 -4701.000000 6017.000000 
709.000000 -4701.000000 6017.000000 
717.600000 -4701.000000 6016.000000 
717.600000 -4701.000000 6016.000000 
726.300000 -4700.000000 6016.000000 
726.300000 -4700.000000 6016.000000 
734.900000 -4699.000000 6015.000000 
734.900000 -4699.000000 6015.000000 
743.600000 -4699.000000 6014.000000 
743.600000 -4699.000000 6014.000000 
752.200000 -4698.000000 6014.000000 
752.200000 -4698.000000 6014.000000 
760.800000 -4698.000000 6013.000000 
760.800000 -4698.000000 6013.000000 
769.500000 -4697.000000 6012.000000 
769.500000 -4697.000000 6012.000000 
778.100000 -4697.000000 6012.000000 
778.100000 -4697.000000 6012.000000 
786.700000 -4696.000000 6011.000000 
786.700000 -4696.000000 6011.000000 
795.400000 -4696.000000 6010.000000 
795.400000 -4696.000000 6010.000000 
804.000000 -4695.000000 6010.000000 
804.000000 -4695.000000 6010.000000 
812.700000 -4695.000000 6009.000000 
812.700000 -4695.000000 6009.000000 
821.300000 -4694.000000 6008.000000 
821.300000 -4694.000000 6008.000000 
829.900000 -4694.000000 6007.000000 
829.900000 -4694.000000 6007.000000 
838.500000 -4693.000000 6007.000000 
838.500000 -4693.000000 6007.000000 
847.100000 -4692.000000 6006.000000 
847.100000 -4692.000000 6006.000000 
855.800000 -4692.000000 6005.000000 
855.800000 -4692.000000 6005.000000 
864.400000 -4691.000000 6004.000000 
864.400000 -4691.000000 6004.000000 
873.000000 -4691.000000 6004.000000 
873.000000 -4691.000000 6004.000000 
881.600000 -4690.000000 6003.000000 
881.600000 -4690.000000 6003.000000 
890.200000 -4689.000000 6002.000000 
890.200000 -4689.000000 6002.000000 
898.800000 -4689.000000 6001.000000 
898.800000 -4689.000000 6001.000000 
907.400000 -4688.000000 6000.000000 
907.400000 -4688.000000 6000.000000 
916.000000 -4687.000000 6000.000000 
916.000000 -4687.000000 6000.000000 
924.700000 -4687.000000 5999.000000 
924.700000 -4687.000000 5999.000000 
933.300000 -4686.000000 5998.000000 
933.300000 -4686.000000 5998.000000 
941.900000 -4686.000000 5997.000000 
941.900000 -4686.000000 5997.000000 
950.500000 -4685.000000 5996.000000 
950.500000 -4685.000000 5996.000000 
959.100000 -4684.000000 5995.000000 
959.100000 -4684.000000 5995.000000 
967.700000 -4683.000000 5995.000000 
967.700000 -4683.000000 5995.000000 
976.400000 -4683.000000 5994.000000 
976.400000 -4683.000000 5994.000000 
984.900000 -4682.000000 5993.000000 
984.900000 -4682.000000 5993.000000 
993.500000 -4681.000000 5992.000000 
993.500000 -4681.000000 5992.000000 
1002.000000 -4681.000000 5991.000000 
1002.000000 -4681.000000 5991.000000 
1011.000000 -4680.000000 5990.000000 
1011.000000 -4680.000000 5990.000000 
1019.000000 -4679.000000 5989.000000 
1019.000000 -4679.000000 5989.000000 
1028.000000 -4679.000000 5988.000000 
1028.000000 -4679.000000 5988.000000 
1037.000000 -4678.000000 5987.000000 
1037.000000 -4678.000000 5987.000000 
1045.000000 -4677.000000 5987.000000 
1045.000000 -4677.000000 5987.000000 
1054.000000 -4676.000000 5986.000000 
1054.000000 -4676.000000 5986.000000 
1062.000000 -4676.000000 5985.000000 
1062.000000 -4676.000000 5985.000000 
1071.000000 -4675.000000 5984.000000 
1071.000000 -4675.000000 5984.000000 
1080.000000 -4674.000000 5983.000000 
1080.000000 -4674.000000 5983.000000 
1088.000000 -4673.000000 5982.000000 
1088.000000 -4673.000000 5982.000000 
1097.000000 -4673.000000 5981.000000 
1097.000000 -4673.000000 5981.000000 
1105.000000 -4672.000000 5980.000000 
1105.000000 -4672.000000 5980.000000 
1114.000000 -4671.000000 5979.000000 
1114.000000 -4671.000000 5979.000000 
1122.000000 -4670.000000 5978.000000 
1122.000000 -4670.000000 5978.000000 
1131.000000 -4670.000000 5977.000000 
1131.000000 -4670.000000 5977.000000 
1140.000000 -4669.000000 5976.000000 
1140.000000 -4669.000000 5976.000000 
1148.000000 -4668.000000 5975.000000 
1148.000000 -4668.000000 5975.000000 
1157.000000 -4667.000000 5974.000000 
1157.000000 -4667.000000 5974.000000 
1165.000000 -4666.000000 5973.000000 
1165.000000 -4666.000000 5973.000000 
1174.000000 -4666.000000 5972.000000 
1174.000000 -4666.000000 5972.000000 
1182.000000 -4665.000000 5971.000000 
1182.000000 -4665.000000 5971.000000 
1191.000000 -4664.000000 5970.000000 
1191.000000 -4664.000000 5970.000000 
1200.000000 -4663.000000 5969.000000 
1200.000000 -4663.000000 5969.000000 
1208.000000 -4662.000000 5967.000000 
1208.000000 -4662.000000 5967.000000 
1217.000000 -4661.000000 5966.000000 
1217.000000 -4661.000000 5966.000000 
1225.000000 -4661.000000 5965.000000 
1225.000000 -4661.000000 5965.000000 
1234.000000 -4660.000000 5964.000000 
1234.000000 -4660.000000 5964.000000 
1242.000000 -4659.000000 5963.000000 
1242.000000 -4659.000000 5963.000000 
1251.000000 -4658.000000 5962.000000 
1251.000000 -4658.000000 5962.000000 
1260.000000 -4657.000000 5961.000000 
1260.000000 -4657.000000 5961.000000 
1268.000000 -4656.000000 5960.000000 
1268.000000 -4656.000000 5960.000000 
1277.000000 -4655.000000 5959.000000 
1277.000000 -4655.000000 5959.000000 
1285.000000 -4654.000000 5957.000000 
1285.000000 -4654.000000 5957.000000 
1294.000000 -4654.000000 5956.000000 
1294.000000 -4654.000000 5956.000000 
1302.000000 -4653.000000 5955.000000 
1302.000000 -4653.000000 5955.000000 
1311.000000 -4652.000000 5954.000000 
1311.000000 -4652.000000 5954.000000 
1319.000000 -4651.000000 5953.000000 
1319.000000 -4651.000000 5953.000000 
1328.000000 -4650.000000 5952.000000 
1328.000000 -4650.000000 5952.000000 
1337.000000 -4649.000000 5950.000000 
1337.000000 -4649.000000 5950.000000 
1345.000000 -4648.000000 5949.000000 
1345.000000 -4648.000000 5949.000000 
1354.000000 -4647.000000 5948.000000 
1354.000000 -4647.000000 5948.000000 
1362.000000 -4646.000000 5947.000000 
1362.000000 -4646.000000 5947.000000 
1371.000000 -4645.000000 5946.000000 
1371.000000 -4645.000000 5946.000000 
1379.000000 -4644.000000 5944.000000 
1379.000000 -4644.000000 5944.000000 
1388.000000 -4643.000000 5943.000000 
1388.000000 -4643.000000 5943.000000 
1396.000000 -4642.000000 5942.000000 
1396.000000 -4642.000000 5942.000000 
1405.000000 -4641.000000 5941.000000 
1405.000000 -4641.000000 5941.000000 
1413.000000 -4640.000000 5939.000000 
1413.000000 -4640.000000 5939.000000 
1422.000000 -4639.000000 5938.000000 
1422.000000 -4639.000000 5938.000000 
1430.000000 -4638.000000 5937.000000 
1430.000000 -4638.000000 5937.000000 
1439.000000 -4637.000000 5936.000000 
1439.000000 -4637.000000 5936.000000 
1447.000000 -4636.000000 5934.000000 
1447.000000 -4636.000000 5934.000000 
1456.000000 -4635.000000 5933.000000 
1456.000000 -4635.000000 5933.000000 
1464.000000 -4634.000000 5932.000000 
1464.000000 -4634.000000 5932.000000 
1473.000000 -4633.000000 5930.000000 
1473.000000 -4633.000000 5930.000000 
1481.000000 -4632.000000 5929.000000 
1481.000000 -4632.000000 5929.000000 
1490.000000 -4631.000000 5928.000000 
1490.000000 -4631.000000 5928.000000 
1499.000000 -4630.000000 5926.000000 
1499.000000 -4630.000000 5926.000000 
1507.000000 -4629.000000 5925.000000 
1507.000000 -4629.000000 5925.000000 
1516.000000 -4628.000000 5924.000000 
1516.000000 -4628.000000 5924.000000 
1524.000000 -4627.000000 5922.000000 
1524.000000 -4627.000000 5922.000000 
1533.000000 -4626.000000 5921.000000 
1533.000000 -4626.000000 5921.000000 
1541.000000 -4625.000000 5920.000000 
1541.000000 -4625.000000 5920.000000 
1550.000000 -4624.000000 5918.000000 
1550.000000 -4624.000000 5918.000000 
1558.000000 -4623.000000 5917.000000 
1558.000000 -4623.000000 5917.000000 
1567.000000 -4622.000000 5915.000000 
1567.000000 -4622.000000 5915.000000 
1575.000000 -4621.000000 5914.000000 
1575.000000 -4621.000000 5914.000000 
1584.000000 -4619.000000 5913.000000 
1584.000000 -4619.000000 5913.000000 
1592.000000 -4618.000000 5911.000000 
1592.000000 -4618.000000 5911.000000 
1600.000000 -4617.000000 5910.000000 
1600.000000 -4617.000000 5910.000000 
1609.000000 -4616.000000 5908.000000 
1609.000000 -4616.000000 5908.000000 
1617.000000 -4615.000000 5907.000000 
1617.000000 -4615.000000 5907.000000 
1626.000000 -4614.000000 5906.000000 
1626.000000 -4614.000000 5906.000000 
1634.000000 -4613.000000 5904.000000 
1634.000000 -4613.000000 5904.000000 
1643.000000 -4612.000000 5903.000000 
1643.000000 -4612.000000 5903.000000 
1651.000000 -4610.000000 5901.000000 
1651.000000 -4610.000000 5901.000000 
1660.000000 -4609.000000 5900.000000 
1660.000000 -4609.000000 5900.000000 
1668.000000 -4608.000000 5898.000000 
1668.000000 -4608.000000 5898.000000 
1677.000000 -4607.000000 5897.000000 
1677.000000 -4607.000000 5897.000000 
1685.000000 -4606.000000 5895.000000 
1685.000000 -4606.000000 5895.000000 
1694.000000 -4605.000000 5894.000000 
1694.000000 -4605.000000 5894.000000 
1702.000000 -4603.000000 5892.000000 
1702.000000 -4603.000000 5892.000000 
1711.000000 -4602.000000 5891.000000 
1711.000000 -4602.000000 5891.000000 
1719.000000 -4601.000000 5889.000000 
1719.000000 -4601.000000 5889.000000 
1727.000000 -4600.000000 5888.000000 
1727.000000 -4600.000000 5888.000000 
1736.000000 -4599.000000 5886.000000 
1736.000000 -4599.000000 5886.000000 
1744.000000 -4597.000000 5885.000000 
1744.000000 -4597.000000 5885.000000 
1753.000000 -4596.000000 5883.000000 
1753.000000 -4596.000000 5883.000000 
1761.000000 -4595.000000 5881.000000 
1761.000000 -4595.000000 5881.000000 
1770.000000 -4594.000000 5880.000000 
1770.000000 -4594.000000 5880.000000 
1778.000000 -4593.000000 5878.000000 
1778.000000 -4593.000000 5878.000000 
1787.000000 -4591.000000 5877.000000 
1787.000000 -4591.000000 5877.000000 
1795.000000 -4590.000000 5875.000000 
1795.000000 -4590.000000 5875.000000 
1804.000000 -4589.000000 5873.000000 
1804.000000 -4589.000000 5873.000000 
1812.000000 -4588.000000 5872.000000 
1812.000000 -4588.000000 5872.000000 
1820.000000 -4586.000000 5870.000000 
1820.000000 -4586.000000 5870.000000 
1829.000000 -4585.000000 5869.000000 
1829.000000 -4585.000000 5869.000000 
1837.000000 -4584.000000 5867.000000 
1837.000000 -4584.000000 5867.000000 
1846.000000 -4582.000000 5865.000000 
1846.000000 -4582.000000 5865.000000 
1854.000000 -4581.000000 5864.000000 
1854.000000 -4581.000000 5864.000000 
1862.000000 -4580.000000 5862.000000 
1862.000000 -4580.000000 5862.000000 
1871.000000 -4579.000000 5860.000000 
1871.000000 -4579.000000 5860.000000 
1879.000000 -4577.000000 5859.000000 
1879.000000 -4577.000000 5859.000000 
1888.000000 -4576.000000 5857.000000 
1888.000000 -4576.000000 5857.000000 
1896.000000 -4575.000000 5855.000000 
1896.000000 -4575.000000 5855.000000 
1905.000000 -4573.000000 5854.000000 
1905.000000 -4573.000000 5854.000000 
1913.000000 -4572.000000 5852.000000 
1913.000000 -4572.000000 5852.000000 
1921.000000 -4571.000000 5850.000000 
1921.000000 -4571.000000 5850.000000 
1930.000000 -4569.000000 5848.000000 
1930.000000 -4569.000000 5848.000000 
1938.000000 -4568.000000 5847.000000 
1938.000000 -4568.000000 5847.000000 
1947.000000 -4567.000000 5845.000000 
1947.000000 -4567.000000 5845.000000 
1955.000000 -4565.000000 5843.000000 
1955.000000 -4565.000000 5843.000000 
1963.000000 -4564.000000 5841.000000 
1963.000000 -4564.000000 5841.000000 
1972.000000 -4563.000000 5840.000000 
1972.000000 -4563.000000 5840.000000 
1980.000000 -4561.000000 5838.000000 
1980.000000 -4561.000000 5838.000000 
1988.000000 -4560.000000 5836.000000 
1988.000000 -4560.000000 5836.000000 
1997.000000 -4558.000000 5834.000000 
1997.000000 -4558.000000 5834.000000 
2005.000000 -4557.000000 5833.000000 
2005.000000 -4557.000000 5833.000000 
2014.000000 -4556.000000 5831.000000 
2014.000000 -4556.000000 5831.000000 
2022.000000 -4554.000000 5829.000000 
2022.000000 -4554.000000 5829.000000 
2030.000000 -4553.000000 5827.000000 
2030.000000 -4553.000000 5827.000000 
2039.000000 -4551.000000 5825.000000 
2039.000000 -4551.000000 5825.000000 
2047.000000 -4550.000000 5824.000000 
2047.000000 -4550.000000 5824.000000 
2055.000000 -4548.000000 5822.000000 
2055.000000 -4548.000000 5822.000000 
2064.000000 -4547.000000 5820.000000 
2064.000000 -4547.000000 5820.000000 
2072.000000 -4546.000000 5818.000000 
2072.000000 -4546.000000 5818.000000 
2080.000000 -4544.000000 5816.000000 
2080.000000 -4544.000000 5816.000000 
2089.000000 -4543.000000 5814.000000 
2089.000000 -4543.000000 5814.000000 
2097.000000 -4541.000000 5813.000000 
2097.000000 -4541.000000 5813.000000 
2105.000000 -4540.000000 5811.000000 
2105.000000 -4540.000000 5811.000000 
2114.000000 -4538.000000 5809.000000 
2114.000000 -4538.000000 5809.000000 
2122.000000 -4537.000000 5807.000000 
2122.000000 -4537.000000 5807.000000 
2131.000000 -4535.000000 5805.000000 
2131.000000 -4535.000000 5805.000000 
2139.000000 -4534.000000 5803.000000 
2139.000000 -4534.000000 5803.000000 
2147.000000 -4532.000000 5801.000000 
2147.000000 -4532.000000 5801.000000 
2156.000000 -4531.000000 5799.000000 
2156.000000 -4531.000000 5799.000000 
2164.000000 -4529.000000 5797.000000 
2164.000000 -4529.000000 5797.000000 
2172.000000 -4528.000000 5795.000000 
2172.000000 -4528.000000 5795.000000 
2180.000000 -4526.000000 5793.000000 
2180.000000 -4526.000000 5793.000000 
2189.000000 -4525.000000 5792.000000 
2189.000000 -4525.000000 5792.000000 
2197.000000 -4523.000000 5790.000000 
2197.000000 -4523.000000 5790.000000 
2205.000000 -4522.000000 5788.000000 
2205.000000 -4522.000000 5788.000000 
2214.000000 -4520.000000 5786.000000 
2214.000000 -4520.000000 5786.000000 
2222.000000 -4519.000000 5784.000000 
2222.000000 -4519.000000 5784.000000 
2230.000000 -4517.000000 5782.000000 
2230.000000 -4517.000000 5782.000000 
2239.000000 -4516.000000 5780.000000 
2239.000000 -4516.000000 5780.000000 
2247.000000 -4514.000000 5778.000000 
2247.000000 -4514.000000 5778.000000 
2255.000000 -4512.000000 5776.000000 
2255.000000 -4512.000000 5776.000000 
2264.000000 -4511.000000 5774.000000 
2264.000000 -4511.000000 5774.000000 
2272.000000 -4509.000000 5772.000000 
2272.000000 -4509.000000 5772.000000 
2280.000000 -4508.000000 5770.000000 
2280.000000 -4508.000000 5770.000000 
2288.000000 -4506.000000 5768.000000 
2288.000000 -4506.000000 5768.000000 
2297.000000 -4505.000000 5766.000000 
2297.000000 -4505.000000 5766.000000 
2305.000000 -4503.000000 5763.000000 
2305.000000 -4503.000000 5763.000000 
2313.000000 -4501.000000 5761.000000 
2313.000000 -4501.000000 5761.000000 
2321.000000 -4500.000000 5759.000000 
2321.000000 -4500.000000 5759.000000 
2330.000000 -4498.000000 5757.000000 
2330.000000 -4498.000000 5757.000000 
2338.000000 -4496.000000 5755.000000 
2338.000000 -4496.000000 5755.000000 
2346.000000 -4495.000000 5753.000000 
2346.000000 -4495.000000 5753.000000 
2355.000000 -4493.000000 5751.000000 
2355.000000 -4493.000000 5751.000000 
2363.000000 -4492.000000 5749.000000 
2363.000000 -4492.000000 5749.000000 
2371.000000 -4490.000000 5747.000000 
2371.000000 -4490.000000 5747.000000 
2379.000000 -4488.000000 5745.000000 
2379.000000 -4488.000000 5745.000000 
2388.000000 -4487.000000 5743.000000 
2388.000000 -4487.000000 5743.000000 
2396.000000 -4485.000000 5740.000000 
2396.000000 -4485.000000 5740.000000 
2404.000000 -4483.000000 5738.000000 
2404.000000 -4483.000000 5738.000000 
2412.000000 -4482.000000 5736.000000 
2412.000000 -4482.000000 5736.000000 
2420.000000 -4480.000000 5734.000000 
2420.000000 -4480.000000 5734.000000 
2429.000000 -4478.000000 5732.000000 
2429.000000 -4478.000000 5732.000000 
2437.000000 -4476.000000 5730.000000 
2437.000000 -4476.000000 5730.000000 
2445.000000 -4475.000000 5727.000000 
2445.000000 -4475.000000 5727.000000 
2453.000000 -4473.000000 5725.000000 
2453.000000 -4473.000000 5725.000000 
2462.000000 -4471.000000 5723.000000 
2462.000000 -4471.000000 5723.000000 
2470.000000 -4470.000000 5721.000000 
2470.000000 -4470.000000 5721.000000 
2478.000000 -4468.000000 5719.000000 
2478.000000 -4468.000000 5719.000000 
2486.000000 -4466.000000 5717.000000 
2486.000000 -4466.000000 5717.000000 
2494.000000 -4464.000000 5714.000000 
2494.000000 -4464.000000 5714.000000 
2503.000000 -4463.000000 5712.000000 
2503.000000 -4463.000000 5712.000000 
2511.000000 -4461.000000 5710.000000 
2511.000000 -4461.000000 5710.000000 
2519.000000 -4459.000000 5708.000000 
2519.000000 -4459.000000 5708.000000 
2527.000000 -4457.000000 5705.000000 
2527.000000 -4457.000000 5705.000000 
2535.000000 -4456.000000 5703.000000 
2535.000000 -4456.000000 5703.000000 
2544.000000 -4454.000000 5701.000000 
2544.000000 -4454.000000 5701.000000 
2552.000000 -4452.000000 5699.000000 
2552.000000 -4452.000000 5699.000000 
2560.000000 -4450.000000 5696.000000 
2560.000000 -4450.000000 5696.000000 
2568.000000 -4449.000000 5694.000000 
2568.000000 -4449.000000 5694.000000 
2576.000000 -4447.000000 5692.000000 
2576.000000 -4447.000000 5692.000000 
2585.000000 -4445.000000 5689.000000 
2585.000000 -4445.000000 5689.000000 
2593.000000 -4443.000000 5687.000000 
2593.000000 -4443.000000 5687.000000 
2601.000000 -4441.000000 5685.000000 
2601.000000 -4441.000000 5685.000000 
2609.000000 -4440.000000 5682.000000 
2609.000000 -4440.000000 5682.000000 
2617.000000 -4438.000000 5680.000000 
2617.000000 -4438.000000 5680.000000 
2625.000000 -4436.000000 5678.000000 
2625.000000 -4436.000000 5678.000000 
2633.000000 -4434.000000 5675.000000 
2633.000000 -4434.000000 5675.000000 
2642.000000 -4432.000000 5673.000000 
2642.000000 -4432.000000 5673.000000 
2650.000000 -4430.000000 5671.000000 
2650.000000 -4430.000000 5671.000000 
2658.000000 -4429.000000 5668.000000 
2658.000000 -4429.000000 5668.000000 
2666.000000 -4427.000000 5666.000000 
2666.000000 -4427.000000 5666.000000 
2674.000000 -4425.000000 5664.000000 
2674.000000 -4425.000000 5664.000000 
2682.000000 -4423.000000 5661.000000 
2682.000000 -4423.000000 5661.000000 
2690.000000 -4421.000000 5659.000000 
2690.000000 -4421.000000 5659.000000 
2699.000000 -4419.000000 5656.000000 
2699.000000 -4419.000000 5656.000000 
2707.000000 -4417.000000 5654.000000 
2707.000000 -4417.000000 5654.000000 
2715.000000 -4416.000000 5652.000000 
2715.000000 -4416.000000 5652.000000 
2723.000000 -4414.000000 5649.000000 
2723.000000 -4414.000000 5649.000000 
2731.000000 -4412.000000 5647.000000 
2731.000000 -4412.000000 5647.000000 
2739.000000 -4410.000000 5644.000000 
2739.000000 -4410.000000 5644.000000 
2747.000000 -4408.000000 5642.000000 
2747.000000 -4408.000000 5642.000000 
2755.000000 -4406.000000 5639.000000 
2755.000000 -4406.000000 5639.000000 
2763.000000 -4404.000000 5637.000000 
2763.000000 -4404.000000 5637.000000 
2771.000000 -4402.000000 5634.000000 
2771.000000 -4402.000000 5634.000000 
2780.000000 -4400.000000 5632.000000 
2780.000000 -4400.000000 5632.000000 
2788.000000 -4398.000000 5629.000000 
2788.000000 -4398.000000 5629.000000 
2796.000000 -4396.000000 5627.000000 
2796.000000 -4396.000000 5627.000000 
2804.000000 -4394.000000 5625.000000 
2804.000000 -4394.000000 5625.000000 
2812.000000 -4392.000000 5622.000000 
2812.000000 -4392.000000 5622.000000 
2820.000000 -4390.000000 5619.000000 
2820.000000 -4390.000000 5619.000000 
2828.000000 -4388.000000 5617.000000 
2828.000000 -4388.000000 5617.000000 
2836.000000 -4387.000000 5614.000000 
2836.000000 -4387.000000 5614.000000 
2844.000000 -4385.000000 5612.000000 
2844.000000 -4385.000000 5612.000000 
2852.000000 -4383.000000 5609.000000 
2852.000000 -4383.000000 5609.000000 
2860.000000 -4381.000000 5607.000000 
2860.000000 -4381.000000 5607.000000 
2868.000000 -4379.000000 5604.000000 
2868.000000 -4379.000000 5604.000000 
2876.000000 -4377.000000 5602.000000 
2876.000000 -4377.000000 5602.000000 
2884.000000 -4375.000000 5599.000000 
2884.000000 -4375.000000 5599.000000 
2892.000000 -4373.000000 5597.000000 
2892.000000 -4373.000000 5597.000000 
2900.000000 -4371.000000 5594.000000 
2900.000000 -4371.000000 5594.000000 
2908.000000 -4368.000000 5591.000000 
2908.000000 -4368.000000 5591.000000 
2917.000000 -4366.000000 5589.000000 
2917.000000 -4366.000000 5589.000000 
2925.000000 -4364.000000 5586.000000 
2925.000000 -4364.000000 5586.000000 
2933.000000 -4362.000000 5584.000000 
2933.000000 -4362.000000 5584.000000 
2941.000000 -4360.000000 5581.000000 
2941.000000 -4360.000000 5581.000000 
2949.000000 -4358.000000 5578.000000 
2949.000000 -4358.000000 5578.000000 
2957.000000 -4356.000000 5576.000000 
2957.000000 -4356.000000 5576.000000 
2965.000000 -4354.000000 5573.000000 
2965.000000 -4354.000000 5573.000000 
2973.000000 -4352.000000 5570.000000 
2973.000000 -4352.000000 5570.000000 
2981.000000 -4350.000000 5568.000000 
2981.000000 -4350.000000 5568.000000 
2989.000000 -4348.000000 5565.000000 
2989.000000 -4348.000000 5565.000000 
2997.000000 -4346.000000 5562.000000 
2997.000000 -4346.000000 5562.000000 
3005.000000 -4344.000000 5560.000000 
3005.000000 -4344.000000 5560.000000 
3013.000000 -4342.000000 5557.000000 
3013.000000 -4342.000000 5557.000000 
3020.000000 -4340.000000 5554.000000 
3020.000000 -4340.000000 5554.000000 
3029.000000 -4337.000000 5552.000000 
3029.000000 -4337.000000 5552.000000 
3036.000000 -4335.000000 5549.000000 
3036.000000 -4335.000000 5549.000000 
3044.000000 -4333.000000 5546.000000 
3044.000000 -4333.000000 5546.000000 
3052.000000 -4331.000000 5544.000000 
3052.000000 -4331.000000 5544.000000 
3060.000000 -4329.000000 5541.000000 
3060.000000 -4329.000000 5541.000000 
3068.000000 -4327.000000 5538.000000 
3068.000000 -4327.000000 5538.000000 
3076.000000 -4325.000000 5535.000000 
3076.000000 -4325.000000 5535.000000 
3084.000000 -4323.000000 5533.000000 
3084.000000 -4323.000000 5533.000000 
3092.000000 -4320.000000 5530.000000 
3092.000000 -4320.000000 5530.000000 
3100.000000 -4318.000000 5527.000000 
3100.000000 -4318.000000 5527.000000 
3108.000000 -4316.000000 5524.000000 
3108.000000 -4316.000000 5524.000000 
3116.000000 -4314.000000 5522.000000 
3116.000000 -4314.000000 5522.000000 
3124.000000 -4312.000000 5519.000000 
3124.000000 -4312.000000 5519.000000 
3132.000000 -4310.000000 5516.000000 
3132.000000 -4310.000000 5516.000000 
3140.000000 -4307.000000 5513.000000 
3140.000000 -4307.000000 5513.000000 
3148.000000 -4305.000000 5510.000000 
3148.000000 -4305.000000 5510.000000 
3155.000000 -4303.000000 5508.000000 
3155.000000 -4303.000000 5508.000000 
3163.000000 -4301.000000 5505.000000 
3163.000000 -4301.000000 5505.000000 
3171.000000 -4299.000000 5502.000000 
3171.000000 -4299.000000 5502.000000 
3179.000000 -4296.000000 5499.000000 
3179.000000 -4296.000000 5499.000000 
3187.000000 -4294.000000 5496.000000 
3187.000000 -4294.000000 5496.000000 
3195.000000 -4292.000000 5493.000000 
3195.000000 -4292.000000 5493.000000 
3203.000000 -4290.000000 5491.000000 
3203.000000 -4290.000000 5491.000000 
3211.000000 -4288.000000 5488.000000 
3211.000000 -4288.000000 5488.000000 
3219.000000 -4285.000000 5485.000000 
3219.000000 -4285.000000 5485.000000 
3226.000000 -4283.000000 5482.000000 
3226.000000 -4283.000000 5482.000000 
3234.000000 -4281.000000 5479.000000 
3234.000000 -4281.000000 5479.000000 
3242.000000 -4279.000000 5476.000000 
3242.000000 -4279.000000 5476.000000 
3250.000000 -4276.000000 5473.000000 
3250.000000 -4276.000000 5473.000000 
3258.000000 -4274.000000 5470.000000 
3258.000000 -4274.000000 5470.000000 
3266.000000 -4272.000000 5468.000000 
3266.000000 -4272.000000 5468.000000 
3274.000000 -4269.000000 5465.000000 
3274.000000 -4269.000000 5465.000000 
3281.000000 -4267.000000 5462.000000 
3281.000000 -4267.000000 5462.000000 
3289.000000 -4265.000000 5459.000000 
3289.000000 -4265.000000 5459.000000 
3297.000000 -4263.000000 5456.000000 
3297.000000 -4263.000000 5456.000000 
3305.000000 -4260.000000 5453.000000 
3305.000000 -4260.000000 5453.000000 
3313.000000 -4258.000000 5450.000000 
3313.000000 -4258.000000 5450.000000 
3321.000000 -4256.000000 5447.000000 
3321.000000 -4256.000000 5447.000000 
3328.000000 -4253.000000 5444.000000 
3328.000000 -4253.000000 5444.000000 
3336.000000 -4251.000000 5441.000000 
3336.000000 -4251.000000 5441.000000 
3344.000000 -4249.000000 5438.000000 
3344.000000 -4249.000000 5438.000000 
3352.000000 -4246.000000 5435.000000 
3352.000000 -4246.000000 5435.000000 
3360.000000 -4244.000000 5432.000000 
3360.000000 -4244.000000 5432.000000 
3367.000000 -4242.000000 5429.000000 
3367.000000 -4242.000000 5429.000000 
3375.000000 -4239.000000 5426.000000 
3375.000000 -4239.000000 5426.000000 
3383.000000 -4237.000000 5423.000000 
3383.000000 -4237.000000 5423.000000 
3391.000000 -4235.000000 5420.000000 
3391.000000 -4235.000000 5420.000000 
3399.000000 -4232.000000 5417.000000 
3399.000000 -4232.000000 5417.000000 
3406.000000 -4230.000000 5414.000000 
3406.000000 -4230.000000 5414.000000 
3414.000000 -4227.000000 5411.000000 
3414.000000 -4227.000000 5411.000000 
3422.000000 -4225.000000 5408.000000 
3422.000000 -4225.000000 5408.000000 
3430.000000 -4223.000000 5405.000000 
3430.000000 -4223.000000 5405.000000 
3437.000000 -4220.000000 5402.000000 
3437.000000 -4220.000000 5402.000000 
3445.000000 -4218.000000 5399.000000 
3445.000000 -4218.000000 5399.000000 
3453.000000 -4216.000000 5396.000000 
3453.000000 -4216.000000 5396.000000 
3461.000000 -4213.000000 5393.000000 
3461.000000 -4213.000000 5393.000000 
3468.000000 -4211.000000 5389.000000 
3468.000000 -4211.000000 5389.000000 
3476.000000 -4208.000000 5386.000000 
3476.000000 -4208.000000 5386.000000 
3484.000000 -4206.000000 5383.000000 
3484.000000 -4206.000000 5383.000000 
3492.000000 -4203.000000 5380.000000 
3492.000000 -4203.000000 5380.000000 
3499.000000 -4201.000000 5377.000000 
3499.000000 -4201.000000 5377.000000 
3507.000000 -4199.000000 5374.000000 
3507.000000 -4199.000000 5374.000000 
3515.000000 -4196.000000 5371.000000 
3515.000000 -4196.000000 5371.000000 
3522.000000 -4194.000000 5368.000000 
3522.000000 -4194.000000 5368.000000 
3530.000000 -4191.000000 5365.000000 
3530.000000 -4191.000000 5365.000000 
3538.000000 -4189.000000 5361.000000 
3538.000000 -4189.000000 5361.000000 
3546.000000 -4186.000000 5358.000000 
3546.000000 -4186.000000 5358.000000 
3553.000000 -4184.000000 5355.000000 
3553.000000 -4184.000000 5355.000000 
3561.000000 -4181.000000 5352.000000 
3561.000000 -4181.000000 5352.000000 
3569.000000 -4179.000000 5349.000000 
3569.000000 -4179.000000 5349.000000 
3576.000000 -4176.000000 5346.000000 
3576.000000 -4176.000000 5346.000000 
3584.000000 -4174.000000 5342.000000 
3584.000000 -4174.000000 5342.000000 
3592.000000 -4171.000000 5339.000000 
3592.000000 -4171.000000 5339.000000 
3599.000000 -4169.000000 5336.000000 
3599.000000 -4169.000000 5336.000000 
3607.000000 -4166.000000 5333.000000 
3607.000000 -4166.000000 5333.000000 
3615.000000 -4164.000000 5330.000000 
3615.000000 -4164.000000 5330.000000 
3622.000000 -4161.000000 5326.000000 
3622.000000 -4161.000000 5326.000000 
3630.000000 -4159.000000 5323.000000 
3630.000000 -4159.000000 5323.000000 
3638.000000 -4156.000000 5320.000000 
3638.000000 -4156.000000 5320.000000 
3645.000000 -4154.000000 5317.000000 
3645.000000 -4154.000000 5317.000000 
3653.000000 -4151.000000 5313.000000 
3653.000000 -4151.000000 5313.000000 
3660.000000 -4149.000000 5310.000000 
3660.000000 -4149.000000 5310.000000 
3668.000000 -4146.000000 5307.000000 
3668.000000 -4146.000000 5307.000000 
3676.000000 -4144.000000 5303.000000 
3676.000000 -4144.000000 5303.000000 
3683.000000 -4141.000000 5300.000000 
3683.000000 -4141.000000 5300.000000 
3691.000000 -4138.000000 5297.000000 
3691.000000 -4138.000000 5297.000000 
3699.000000 -4136.000000 5294.000000 
3699.000000 -4136.000000 5294.000000 
3706.000000 -4133.000000 5290.000000 
3706.000000 -4133.000000 5290.000000 
3714.000000 -4131.000000 5287.000000 
3714.000000 -4131.000000 5287.000000 
3721.000000 -4128.000000 5284.000000 
3721.000000 -4128.000000 5284.000000 
3729.000000 -4126.000000 5280.000000 
3729.000000 -4126.000000 5280.000000 
3736.000000 -4123.000000 5277.000000 
3736.000000 -4123.000000 5277.000000 
3744.000000 -4120.000000 5274.000000 
3744.000000 -4120.000000 5274.000000 
3752.000000 -4118.000000 5270.000000 
3752.000000 -4118.000000 5270.000000 
3759.000000 -4115.000000 5267.000000 
3759.000000 -4115.000000 5267.000000 
3767.000000 -4112.000000 5264.000000 
3767.000000 -4112.000000 5264.000000 
3774.000000 -4110.000000 5260.000000 
3774.000000 -4110.000000 5260.000000 
3782.000000 -4107.000000 5257.000000 
3782.000000 -4107.000000 5257.000000 
3789.000000 -4105.000000 5254.000000 
3789.000000 -4105.000000 5254.000000 
3797.000000 -4102.000000 5250.000000 
3797.000000 -4102.000000 5250.000000 
3804.000000 -4099.000000 5247.000000 
3804.000000 -4099.000000 5247.000000 
3812.000000 -4097.000000 5243.000000 
3812.000000 -4097.000000 5243.000000 
3820.000000 -4094.000000 5240.000000 
3820.000000 -4094.000000 5240.000000 
3827.000000 -4091.000000 5237.000000 
3827.000000 -4091.000000 5237.000000 
3835.000000 -4089.000000 5233.000000 
3835.000000 -4089.000000 5233.000000 
3842.000000 -4086.000000 5230.000000 
3842.000000 -4086.000000 5230.000000 
3850.000000 -4083.000000 5226.000000 
3850.000000 -4083.000000 5226.000000 
3857.000000 -4081.000000 5223.000000 
3857.000000 -4081.000000 5223.000000 
3865.000000 -4078.000000 5219.000000 
3865.000000 -4078.000000 5219.000000 
3872.000000 -4075.000000 5216.000000 
3872.000000 -4075.000000 5216.000000 
3880.000000 -4072.000000 5213.000000 
3880.000000 -4072.000000 5213.000000 
3887.000000 -4070.000000 5209.000000 
3887.000000 -4070.000000 5209.000000 
3894.000000 -4067.000000 5206.000000 
3894.000000 -4067.000000 5206.000000 
3902.000000 -4064.000000 5202.000000 
3902.000000 -4064.000000 5202.000000 
3909.000000 -4062.000000 5199.000000 
3909.000000 -4062.000000 5199.000000 
3917.000000 -4059.000000 5195.000000 
3917.000000 -4059.000000 5195.000000 
3924.000000 -4056.000000 5192.000000 
3924.000000 -4056.000000 5192.000000 
3932.000000 -4053.000000 5188.000000 
3932.000000 -4053.000000 5188.000000 
3939.000000 -4051.000000 5185.000000 
3939.000000 -4051.000000 5185.000000 
3947.000000 -4048.000000 5181.000000 
3947.000000 -4048.000000 5181.000000 
3954.000000 -4045.000000 5178.000000 
3954.000000 -4045.000000 5178.000000 
3962.000000 -4042.000000 5174.000000 
3962.000000 -4042.000000 5174.000000 
3969.000000 -4040.000000 5171.000000 
3969.000000 -4040.000000 5171.000000 
3976.000000 -4037.000000 5167.000000 
3976.000000 -4037.000000 5167.000000 
3984.000000 -4034.000000 5163.000000 
3984.000000 -4034.000000 5163.000000 
3991.000000 -4031.000000 5160.000000 
3991.000000 -4031.000000 5160.000000 
3999.000000 -4029.000000 5156.000000 
3999.000000 -4029.000000 5156.000000 
4006.000000 -4026.000000 5153.000000 
4006.000000 -4026.000000 5153.000000 
4013.000000 -4023.000000 5149.000000 
4013.000000 -4023.000000 5149.000000 
4021.000000 -4020.000000 5146.000000 
4021.000000 -4020.000000 5146.000000 
4028.000000 -4017.000000 5142.000000 
4028.000000 -4017.000000 5142.000000 
4036.000000 -4015.000000 5138.000000 
4036.000000 -4015.000000 5138.000000 
4043.000000 -4012.000000 5135.000000 
4043.000000 -4012.000000 5135.000000 
4050.000000 -4009.000000 5131.000000 
4050.000000 -4009.000000 5131.000000 
4058.000000 -4006.000000 5128.000000 
4058.000000 -4006.000000 5128.000000 
4065.000000 -4003.000000 5124.000000 
4065.000000 -4003.000000 5124.000000 
4072.000000 -4000.000000 5120.000000 
4072.000000 -4000.000000 5120.000000 
4080.000000 -3998.000000 5117.000000 
4080.000000 -3998.000000 5117.000000 
4087.000000 -3995.000000 5113.000000 
4087.000000 -3995.000000 5113.000000 
4094.000000 -3992.000000 5109.000000 
4094.000000 -3992.000000 5109.000000 
4102.000000 -3989.000000 5106.000000 
4102.000000 -3989.000000 5106.000000 
4109.000000 -3986.000000 5102.000000 
4109.000000 -3986.000000 5102.000000 
4116.000000 -3983.000000 5098.000000 
4116.000000 -3983.000000 5098.000000 
4124.000000 -3980.000000 5095.000000 
4124.000000 -3980.000000 5095.000000 
4131.000000 -3978.000000 5091.000000 
4131.000000 -3978.000000 5091.000000 
4138.000000 -3975.000000 5087.000000 
4138.000000 -3975.000000 5087.000000 
4146.000000 -3972.000000 5084.000000 
4146.000000 -3972.000000 5084.000000 
4153.000000 -3969.000000 5080.000000 
4153.000000 -3969.000000 5080.000000 
4160.000000 -3966.000000 5076.000000 
4160.000000 -3966.000000 5076.000000 
4168.000000 -3963.000000 5073.000000 
4168.000000 -3963.000000 5073.000000 
4175.000000 -3960.000000 5069.000000 
4175.000000 -3960.000000 5069.000000 
4182.000000 -3957.000000 5065.000000 
4182.000000 -3957.000000 5065.000000 
4189.000000 -3954.000000 5061.000000 
4189.000000 -3954.000000 5061.000000 
4197.000000 -3952.000000 5058.000000 
4197.000000 -3952.000000 5058.000000 
4204.000000 -3949.000000 5054.000000 
4204.000000 -3949.000000 5054.000000 
4211.000000 -3946.000000 5050.000000 
4211.000000 -3946.000000 5050.000000 
4218.000000 -3943.000000 5046.000000 
4218.000000 -3943.000000 5046.000000 
4226.000000 -3940.000000 5043.000000 
4226.000000 -3940.000000 5043.000000 
4233.000000 -3937.000000 5039.000000 
4233.000000 -3937.000000 5039.000000 
4240.000000 -3934.000000 5035.000000 
4240.000000 -3934.000000 5035.000000 
4247.000000 -3931.000000 5031.000000 
4247.000000 -3931.000000 5031.000000 
4255.000000 -3928.000000 5028.000000 
4255.000000 -3928.000000 5028.000000 
4262.000000 -3925.000000 5024.000000 
4262.000000 -3925.000000 5024.000000 
4269.000000 -3922.000000 5020.000000 
4269.000000 -3922.000000 5020.000000 
4276.000000 -3919.000000 5016.000000 
4276.000000 -3919.000000 5016.000000 
4283.000000 -3916.000000 5012.000000 
4283.000000 -3916.000000 5012.000000 
4291.000000 -3913.000000 5009.000000 
4291.000000 -3913.000000 5009.000000 
4298.000000 -3910.000000 5005.000000 
4298.000000 -3910.000000 5005.000000 
4305.000000 -3907.000000 5001.000000 
4305.000000 -3907.000000 5001.000000 
4312.000000 -3904.000000 4997.000000 
4312.000000 -3904.000000 4997.000000 
4319.000000 -3901.000000 4993.000000 
4319.000000 -3901.000000 4993.000000 
4326.000000 -3898.000000 4989.000000 
4326.000000 -3898.000000 4989.000000 
4334.000000 -3895.000000 4986.000000 
4334.000000 -3895.000000 4986.000000 
4341.000000 -3892.000000 4982.000000 
4341.000000 -3892.000000 4982.000000 
4348.000000 -3889.000000 4978.000000 
4348.000000 -3889.000000 4978.000000 
4355.000000 -3886.000000 4974.000000 
4355.000000 -3886.000000 4974.000000 
4362.000000 -3883.000000 4970.000000 
4362.000000 -3883.000000 4970.000000 
4369.000000 -3880.000000 4966.000000 
4369.000000 -3880.000000 4966.000000 
4376.000000 -3877.000000 4962.000000 
4376.000000 -3877.000000 4962.000000 
4384.000000 -3874.000000 4958.000000 
4384.000000 -3874.000000 4958.000000 
4391.000000 -3871.000000 4954.000000 
4391.000000 -3871.000000 4954.000000 
4398.000000 -3868.000000 4950.000000 
4398.000000 -3868.000000 4950.000000 
4405.000000 -3865.000000 4947.000000 
4405.000000 -3865.000000 4947.000000 
4412.000000 -3862.000000 4943.000000 
4412.000000 -3862.000000 4943.000000 
4419.000000 -3859.000000 4939.000000 
4419.000000 -3859.000000 4939.000000 
4426.000000 -3855.000000 4935.000000 
4426.000000 -3855.000000 4935.000000 
4433.000000 -3852.000000 4931.000000 
4433.000000 -3852.000000 4931.000000 
4440.000000 -3849.000000 4927.000000 
4440.000000 -3849.000000 4927.000000 
4447.000000 -3846.000000 4923.000000 
4447.000000 -3846.000000 4923.000000 
4454.000000 -3843.000000 4919.000000 
4454.000000 -3843.000000 4919.000000 
4462.000000 -3840.000000 4915.000000 
4462.000000 -3840.000000 4915.000000 
4469.000000 -3837.000000 4911.000000 
4469.000000 -3837.000000 4911.000000 
4476.000000 -3834.000000 4907.000000 
4476.000000 -3834.000000 4907.000000 
4483.000000 -3831.000000 4903.000000 
4483.000000 -3831.000000 4903.000000 
4490.000000 -3827.000000 4899.000000 
4490.000000 -3827.000000 4899.000000 
4497.000000 -3824.000000 4895.000000 
4497.000000 -3824.000000 4895.000000 
4504.000000 -3821.000000 4891.000000 
4504.000000 -3821.000000 4891.000000 
4511.000000 -3818.000000 4887.000000 
4511.000000 -3818.000000 4887.000000 
4518.000000 -3815.000000 4883.000000 
4518.000000 -3815.000000 4883.000000 
4525.000000 -3812.000000 4879.000000 
4525.000000 -3812.000000 4879.000000 
4532.000000 -3809.000000 4875.000000 
4532.000000 -3809.000000 4875.000000 
4539.000000 -3805.000000 4871.000000 
4539.000000 -3805.000000 4871.000000 
4546.000000 -3802.000000 4867.000000 
4546.000000 -3802.000000 4867.000000 
4553.000000 -3799.000000 4863.000000 
4553.000000 -3799.000000 4863.000000 
4560.000000 -3796.000000 4859.000000 
4560.000000 -3796.000000 4859.000000 
4567.000000 -3793.000000 4855.000000 
4567.000000 -3793.000000 4855.000000 
4574.000000 -3790.000000 4850.000000 
4574.000000 -3790.000000 4850.000000 
4581.000000 -3786.000000 4846.000000 
4581.000000 -3786.000000 4846.000000 
4588.000000 -3783.000000 4842.000000 
4588.000000 -3783.000000 4842.000000 
4595.000000 -3780.000000 4838.000000 
4595.000000 -3780.000000 4838.000000 
4602.000000 -3777.000000 4834.000000 
4602.000000 -3777.000000 4834.000000 
4608.000000 -3774.000000 4830.000000 
4608.000000 -3774.000000 4830.000000 
4615.000000 -3770.000000 4826.000000 
4615.000000 -3770.000000 4826.000000 
4622.000000 -3767.000000 4822.000000 
4622.000000 -3767.000000 4822.000000 
4629.000000 -3764.000000 4818.000000 
4629.000000 -3764.000000 4818.000000 
4636.000000 -3761.000000 4813.000000 
4636.000000 -3761.000000 4813.000000 
4643.000000 -3757.000000 4809.000000 
4643.000000 -3757.000000 4809.000000 
4650.000000 -3754.000000 4805.000000 
4650.000000 -3754.000000 4805.000000 
