0.143010 -0.609583 0.779716 
0.144214 -0.609491 0.779566 
0.145417 -0.609371 0.779437 
0.146625 -0.609245 0.779309 
0.147287 -0.609203 0.779217 
0.148505 -0.609075 0.779086 
0.149732 -0.608979 0.778925 
0.150957 -0.608859 0.778783 
0.152187 -0.608737 0.778638 
0.152873 -0.608694 0.778538 
0.154117 -0.608535 0.778417 
0.155367 -0.608436 0.778246 
0.156615 -0.608310 0.778095 
0.157867 -0.608181 0.777942 
0.158577 -0.608133 0.777835 
0.159844 -0.607967 0.777706 
0.161117 -0.607862 0.777525 
0.161834 -0.607784 0.777437 
0.163109 -0.607649 0.777276 
0.164396 -0.607540 0.777090 
0.165685 -0.607366 0.776952 
0.166429 -0.607311 0.776836 
0.167722 -0.607171 0.776668 
0.169020 -0.607029 0.776497 
0.169777 -0.606971 0.776377 
0.171084 -0.606826 0.776204 
0.172401 -0.606644 0.776054 
0.173173 -0.606583 0.775930 
0.174493 -0.606434 0.775751 
0.175267 -0.606344 0.775647 
0.176604 -0.606219 0.775441 
0.177937 -0.606066 0.775256 
0.178739 -0.605963 0.775152 
0.180081 -0.605807 0.774963 
0.180879 -0.605712 0.774852 
0.182230 -0.605553 0.774660 
0.183045 -0.605482 0.774523 
0.184405 -0.605320 0.774327 
0.185770 -0.605156 0.774129 
0.186599 -0.605081 0.773988 
0.187979 -0.604879 0.773812 
0.188814 -0.604775 0.773690 
0.190199 -0.604632 0.773462 
0.191038 -0.604527 0.773338 
0.192430 -0.604354 0.773128 
0.193287 -0.604272 0.772978 
0.194687 -0.604096 0.772764 
0.195545 -0.603986 0.772634 
0.196407 -0.603874 0.772502 
0.197836 -0.603684 0.772286 
0.198708 -0.603570 0.772152 
0.200130 -0.603387 0.771928 
0.208045 -0.602388 0.770614 
0.208958 -0.602263 0.770465 
0.209876 -0.602137 0.770314 
0.211350 -0.601963 0.770046 
0.212277 -0.601834 0.769892 
0.213209 -0.601704 0.769736 
0.214687 -0.601499 0.769486 
0.215628 -0.601366 0.769326 
0.216573 -0.601232 0.769166 
0.217533 -0.601123 0.768980 
0.219028 -0.600912 0.768721 
0.219987 -0.600773 0.768555 
0.220951 -0.600634 0.768388 
0.221919 -0.600493 0.768219 
0.223432 -0.600275 0.767950 
0.224409 -0.600132 0.767778 
0.225400 -0.600013 0.767580 
0.226387 -0.599867 0.767404 
0.227916 -0.599642 0.767127 
0.228911 -0.599493 0.766947 
0.229911 -0.599342 0.766766 
0.230916 -0.599190 0.766583 
0.231925 -0.599037 0.766398 
0.233475 -0.598804 0.766109 
0.234493 -0.598647 0.765921 
0.235515 -0.598490 0.765730 
0.236542 -0.598331 0.765538 
0.237584 -0.598197 0.765320 
0.238601 -0.598046 0.765122 
0.239641 -0.597883 0.764924 
0.240697 -0.597744 0.764701 
0.242281 -0.597496 0.764394 
0.243335 -0.597328 0.764191 
0.244393 -0.597159 0.763985 
0.245455 -0.596989 0.763778 
0.246511 -0.596791 0.763592 
0.247575 -0.596654 0.763355 
0.248650 -0.596479 0.763142 
0.249731 -0.596302 0.762927 
0.250815 -0.596124 0.762711 
0.251905 -0.595945 0.762492 
0.252998 -0.595764 0.762271 
0.254088 -0.595618 0.762023 
0.255190 -0.595434 0.761798 
0.256297 -0.595248 0.761571 
0.257408 -0.595061 0.761343 
0.258524 -0.594873 0.761112 
0.259635 -0.594719 0.760854 
0.260748 -0.594502 0.760643 
0.261877 -0.594308 0.760407 
0.263010 -0.594113 0.760168 
0.264139 -0.593953 0.759901 
0.265281 -0.593755 0.759659 
0.265899 -0.593645 0.759529 
0.267038 -0.593418 0.759306 
0.268184 -0.593252 0.759032 
0.269344 -0.593048 0.758781 
0.270507 -0.592841 0.758528 
0.271654 -0.592645 0.758272 
0.272827 -0.592436 0.758014 
0.274003 -0.592224 0.757755 
0.274649 -0.592141 0.757586 
0.275829 -0.591900 0.757346 
0.277013 -0.591685 0.757082 
0.278197 -0.591504 0.756788 
0.279395 -0.591285 0.756518 
0.280062 -0.591133 0.756391 
0.281260 -0.590947 0.756092 
0.282471 -0.590723 0.755815 
0.283674 -0.590471 0.755561 
0.284884 -0.590280 0.755255 
0.285573 -0.590121 0.755119 
0.286792 -0.589927 0.754809 
0.288024 -0.589694 0.754521 
0.289239 -0.589471 0.754231 
0.289959 -0.589332 0.754063 
0.291182 -0.589106 0.753769 
0.292431 -0.588866 0.753473 
0.293153 -0.588697 0.753324 
0.294401 -0.588491 0.752998 
0.295653 -0.588283 0.752670 
0.296410 -0.588098 0.752517 
0.297658 -0.587861 0.752209 
0.298910 -0.587623 0.751899 
0.299662 -0.587508 0.751690 
0.300932 -0.587229 0.751400 
0.302196 -0.586985 0.751083 
0.302971 -0.586829 0.750893 
0.304249 -0.586580 0.750570 
0.305028 -0.586422 0.750378 
0.306308 -0.586171 0.750052 
0.307593 -0.585919 0.749724 
0.308391 -0.585754 0.749524 
0.309657 -0.585449 0.749241 
0.310464 -0.585281 0.749038 
0.311778 -0.585047 0.748676 
0.312583 -0.584914 0.748444 
0.313916 -0.584638 0.748101 
0.314730 -0.584502 0.747865 
0.316061 -0.584260 0.747493 
0.316900 -0.584082 0.747277 
0.318233 -0.583837 0.746901 
0.319066 -0.583695 0.746657 
0.320413 -0.583446 0.746276 
0.321128 -0.583015 0.746304 
0.322483 -0.582762 0.745918 
0.323332 -0.582614 0.745666 
0.324695 -0.582356 0.745275 
0.325564 -0.582167 0.745043 
0.326935 -0.581906 0.744647 
0.327802 -0.581751 0.744386 
0.328674 -0.581595 0.744124 
0.330057 -0.581328 0.743720 
0.330948 -0.581131 0.743478 
0.332339 -0.580860 0.743070 
0.333088 -0.580452 0.743053 
0.333981 -0.580287 0.742781 
0.335384 -0.580010 0.742365 
0.336286 -0.579843 0.742088 
0.337193 -0.579673 0.741809 
0.338607 -0.579391 0.741385 
0.339534 -0.579180 0.741126 
0.340454 -0.579005 0.740840 
0.341880 -0.578717 0.740409 
0.342808 -0.578539 0.740119 
0.343597 -0.578116 0.740083 
0.345035 -0.577821 0.739644 
0.345976 -0.577638 0.739348 
0.346921 -0.577453 0.739049 
0.347871 -0.577267 0.738748 
0.349325 -0.576964 0.738299 
0.350283 -0.576774 0.737993 
0.351246 -0.576582 0.737685 
0.352213 -0.576389 0.737375 
0.353522 -0.575874 0.737151 
0.354498 -0.575677 0.736836 
0.355477 -0.575478 0.736519 
0.356461 -0.575278 0.736200 
0.357449 -0.575075 0.735879 
0.358937 -0.574754 0.735406 
0.359934 -0.574548 0.735080 
0.360888 -0.574492 0.734655 
0.361789 -0.573891 0.734682 
0.362846 -0.573527 0.734445 
0.363788 -0.573542 0.733967 
0.364854 -0.573175 0.733725 
0.366297 -0.573068 0.733089 
0.367371 -0.572696 0.732842 
0.368329 -0.572705 0.732354 
0.369258 -0.572091 0.732366 
0.370345 -0.571714 0.732112 
0.371315 -0.571717 0.731618 
0.372410 -0.571336 0.731359 
0.373389 -0.571336 0.730859 
0.374493 -0.570951 0.730595 
0.375324 -0.570711 0.730357 
0.376436 -0.570322 0.730088 
0.377553 -0.569931 0.729817 
0.378551 -0.569922 0.729306 
0.379676 -0.569527 0.729030 
0.380683 -0.569515 0.728515 
0.381658 -0.568880 0.728500 
0.382672 -0.568864 0.727980 
0.383814 -0.568462 0.727694 
0.384836 -0.568442 0.727169 
0.385986 -0.568035 0.726877 
0.387016 -0.568011 0.726348 
0.388015 -0.567366 0.726320 
0.389177 -0.566953 0.726020 
0.390219 -0.566924 0.725483 
0.391390 -0.566507 0.725178 
0.392439 -0.566474 0.724637 
0.393618 -0.566053 0.724326 
0.394513 -0.565783 0.724051 
0.395220 -0.565485 0.723898 
0.396285 -0.565444 0.723347 
0.397481 -0.565015 0.723026 
0.398553 -0.564971 0.722470 
0.399593 -0.564305 0.722416 
0.400801 -0.563870 0.722087 
0.401885 -0.563820 0.721523 
0.402625 -0.563509 0.721354 
0.403716 -0.563455 0.720786 
0.404775 -0.562780 0.720719 
0.405874 -0.562722 0.720146 
0.407106 -0.562274 0.719801 
0.407738 -0.562342 0.719389 
0.408812 -0.561660 0.719313 
0.409926 -0.561594 0.718730 
0.411175 -0.561137 0.718374 
0.411824 -0.561199 0.717953 
0.413081 -0.560738 0.717592 
0.414041 -0.560435 0.717274 
0.415305 -0.559970 0.716907 
0.415971 -0.560025 0.716478 
0.417244 -0.559555 0.716105 
0.418218 -0.559245 0.715778 
0.419029 -0.558904 0.715570 
0.420181 -0.558819 0.714961 
0.421469 -0.558340 0.714577 
0.421989 -0.558157 0.714413 
0.423285 -0.557674 0.714023 
0.424451 -0.557581 0.713404 
0.425289 -0.557228 0.713180 
0.426290 -0.556904 0.712836 
0.427602 -0.556412 0.712434 
0.428318 -0.556445 0.711978 
0.429638 -0.555949 0.711570 
0.430188 -0.555754 0.711390 
0.431516 -0.555253 0.710977 
0.432711 -0.555142 0.710337 
0.433584 -0.554773 0.710093 
0.434611 -0.554435 0.709729 
0.435493 -0.554062 0.709480 
0.436703 -0.553943 0.708829 
0.437594 -0.553566 0.708574 
0.438634 -0.553220 0.708201 
0.439854 -0.553095 0.707541 
0.440757 -0.552711 0.707279 
0.441807 -0.552360 0.706898 
0.442719 -0.551972 0.706631 
0.443953 -0.551839 0.705960 
0.444874 -0.551447 0.705687 
0.445481 -0.551227 0.705475 
0.446865 -0.550691 0.705018 
0.447659 -0.550689 0.704516 
0.448872 -0.549928 0.704339 
0.449673 -0.549923 0.703832 
0.451073 -0.549377 0.703362 
0.451702 -0.549148 0.703137 
0.452973 -0.548993 0.702440 
0.453926 -0.548584 0.702144 
0.454567 -0.548349 0.701913 
0.455985 -0.547792 0.701429 
0.456814 -0.547772 0.700904 
0.458240 -0.547210 0.700413 
0.458894 -0.546968 0.700173 
0.459735 -0.546943 0.699640 
0.461172 -0.546374 0.699140 
0.461837 -0.546127 0.698893 
0.462834 -0.545696 0.698570 
0.464138 -0.545519 0.697844 
0.464958 -0.544867 0.697806 
0.465828 -0.544828 0.697257 
0.467137 -0.544645 0.696523 
0.467969 -0.543988 0.696479 
0.468845 -0.543944 0.695923 
0.469871 -0.543498 0.695580 
0.471017 -0.543088 0.695125 
0.472045 -0.542639 0.694778 
0.472751 -0.542372 0.694506 
0.474087 -0.542172 0.693751 
0.475133 -0.541715 0.693393 
0.475849 -0.541443 0.693114 
0.476903 -0.540981 0.692751 
0.477814 -0.540918 0.692171 
0.478979 -0.540494 0.691697 
0.480045 -0.540025 0.691325 
0.480779 -0.539744 0.691034 
0.481853 -0.539270 0.690656 
0.482783 -0.539197 0.690063 
0.483963 -0.538763 0.689576 
0.485049 -0.538282 0.689188 
0.485990 -0.538202 0.688587 
0.486745 -0.537910 0.688282 
0.487843 -0.537422 0.687886 
0.488604 -0.537127 0.687576 
0.489710 -0.536634 0.687174 
0.491112 -0.536391 0.686363 
0.491874 -0.536093 0.686050 
0.492991 -0.535593 0.685638 
0.493770 -0.535287 0.685316 
0.494745 -0.535189 0.684690 
0.495874 -0.534682 0.684269 
0.496663 -0.534370 0.683940 
0.497800 -0.533859 0.683513 
0.498597 -0.533544 0.683178 
0.499590 -0.533434 0.682538 
0.500544 -0.532708 0.682406 
0.501545 -0.532594 0.681760 
0.502549 -0.532477 0.681111 
0.503515 -0.531745 0.680970 
0.504526 -0.531624 0.680315 
0.505346 -0.531295 0.679964 
0.506518 -0.530761 0.679509 
0.507344 -0.530429 0.679152 
0.508375 -0.530297 0.678483 
0.509357 -0.529553 0.678328 
0.510390 -0.529419 0.677656 
0.511427 -0.529282 0.676981 
0.512424 -0.528530 0.676815 
0.513467 -0.528389 0.676134 
0.514317 -0.528042 0.675759 
0.515522 -0.527485 0.675275 
0.516378 -0.527135 0.674894 
0.517436 -0.526984 0.674202 
0.518037 -0.526373 0.674217 
0.519102 -0.526218 0.673518 
0.519972 -0.525859 0.673128 
0.521200 -0.525288 0.672624 
0.522075 -0.524925 0.672228 
0.523154 -0.524761 0.671518 
0.524036 -0.524394 0.671117 
0.524866 -0.523968 0.670800 
0.525755 -0.523597 0.670394 
0.526847 -0.523423 0.669671 
0.527900 -0.522635 0.669459 
0.528999 -0.522456 0.668730 
0.529491 -0.522234 0.668514 
0.530597 -0.522051 0.667780 
0.531663 -0.521253 0.667555 
0.532776 -0.521065 0.666814 
0.533695 -0.520675 0.666384 
0.534562 -0.520227 0.666039 
0.535482 -0.519835 0.665605 
0.536609 -0.519637 0.664852 
0.537536 -0.519241 0.664413 
0.538423 -0.518781 0.664053 
0.539357 -0.518380 0.663608 
0.540497 -0.518173 0.662843 
0.541033 -0.517927 0.662597 
0.542135 -0.517104 0.662339 
0.543285 -0.516889 0.661564 
0.543833 -0.516637 0.661310 
0.545150 -0.516000 0.660723 
0.546105 -0.515585 0.660259 
0.546869 -0.515520 0.659677 
0.547830 -0.515100 0.659207 
0.548794 -0.514678 0.658735 
0.549730 -0.514188 0.658337 
0.550700 -0.513762 0.657859 
0.551879 -0.513525 0.657056 
0.552460 -0.513255 0.656778 
0.553807 -0.512594 0.656160 
0.554395 -0.512319 0.655878 
0.555380 -0.511882 0.655386 
0.556182 -0.511794 0.654773 
0.557335 -0.510932 0.654466 
0.558537 -0.510677 0.653640 
0.559142 -0.510393 0.653344 
0.560142 -0.509944 0.652838 
0.560963 -0.509845 0.652211 
0.562132 -0.508970 0.651888 
0.562960 -0.508866 0.651254 
0.563972 -0.508408 0.650736 
0.564599 -0.508111 0.650424 
0.565826 -0.507836 0.649572 
0.566623 -0.507112 0.649442 
0.567651 -0.506643 0.648910 
0.568497 -0.506527 0.648261 
0.569526 -0.506055 0.647725 
0.570384 -0.505932 0.647067 
0.571583 -0.505032 0.646711 
0.572238 -0.504718 0.646378 
0.573107 -0.504587 0.645710 
0.574151 -0.504104 0.645159 
0.574816 -0.503783 0.644817 
0.576241 -0.503055 0.644113 
0.576913 -0.502730 0.643766 
0.577968 -0.502238 0.643204 
0.578858 -0.502092 0.642516 
0.579545 -0.501758 0.642158 
0.580603 -0.501261 0.641590 
0.581504 -0.501108 0.640893 
0.582363 -0.500343 0.640711 
0.583434 -0.499837 0.640131 
0.584346 -0.499676 0.639424 
0.585049 -0.499331 0.639051 
0.586129 -0.498818 0.638462 
0.586838 -0.498469 0.638083 
0.587930 -0.497870 0.637545 
0.589018 -0.497349 0.636947 
0.589737 -0.496993 0.636559 
0.590674 -0.496815 0.635830 
0.591770 -0.496287 0.635223 
0.592499 -0.495924 0.634826 
0.593445 -0.495738 0.634087 
0.594181 -0.495371 0.633685 
0.595455 -0.494404 0.633244 
0.596197 -0.494032 0.632836 
0.597158 -0.493835 0.632084 
0.597906 -0.493458 0.631670 
0.599024 -0.492912 0.631038 
0.599779 -0.492530 0.630618 
0.600752 -0.492324 0.629852 
0.601514 -0.491938 0.629427 
0.602279 -0.491550 0.628998 
0.603578 -0.490559 0.628526 
0.604565 -0.490342 0.627747 
0.605339 -0.489946 0.627309 
0.606117 -0.489549 0.626869 
0.606898 -0.489149 0.626425 
0.607899 -0.488921 0.625632 
0.609044 -0.488347 0.624966 
0.609834 -0.487940 0.624513 
0.610627 -0.487531 0.624057 
0.611424 -0.487120 0.623599 
0.612440 -0.486878 0.622789 
0.613243 -0.486462 0.622324 
0.614049 -0.486043 0.621856 
0.614858 -0.485622 0.621385 
0.615841 -0.484764 0.621083 
0.616874 -0.484509 0.620256 
0.617692 -0.484081 0.619776 
0.618870 -0.483478 0.619071 
0.619689 -0.483047 0.618588 
0.620517 -0.482611 0.618098 
0.621347 -0.482173 0.617606 
0.622399 -0.481902 0.616758 
0.623235 -0.481459 0.616259 
0.624074 -0.481014 0.615757 
0.624917 -0.480567 0.615252 
0.625762 -0.480117 0.614744 
0.626610 -0.479664 0.614232 
0.627681 -0.479377 0.613363 
0.628535 -0.478919 0.612846 
0.629392 -0.478459 0.612325 
0.630253 -0.477997 0.611801 
0.631116 -0.477532 0.611274 
0.631982 -0.477065 0.610744 
0.632509 -0.476767 0.610430 
0.633382 -0.476295 0.609894 
0.634477 -0.475986 0.608997 
0.635355 -0.475508 0.608454 
0.636241 -0.475026 0.607904 
0.637120 -0.474546 0.607358 
0.638007 -0.474062 0.606806 
0.638896 -0.473575 0.606250 
0.639788 -0.473085 0.605691 
0.640683 -0.472593 0.605129 
0.641246 -0.472271 0.604784 
0.642368 -0.471936 0.603854 
0.643272 -0.471436 0.603282 
0.644178 -0.470934 0.602707 
0.645088 -0.470429 0.602128 
0.646000 -0.469921 0.601547 
0.646583 -0.469584 0.601183 
0.647502 -0.469072 0.600594 
0.648422 -0.468557 0.600003 
0.649345 -0.468039 0.599408 
0.650276 -0.467517 0.598807 
0.650872 -0.467169 0.598430 
0.651631 -0.467089 0.597667 
0.652569 -0.466559 0.597056 
0.653502 -0.466031 0.596448 
0.654441 -0.465498 0.595834 
0.655059 -0.465136 0.595438 
0.656004 -0.464598 0.594817 
0.656952 -0.464058 0.594193 
0.657579 -0.463688 0.593787 
0.658532 -0.463142 0.593156 
0.659488 -0.462594 0.592522 
0.660446 -0.462043 0.591884 
0.661087 -0.461663 0.591465 
0.662051 -0.461107 0.590821 
0.662843 -0.460996 0.590018 
0.663493 -0.460609 0.589590 
0.664465 -0.460045 0.588936 
0.665439 -0.459478 0.588278 
0.666099 -0.459083 0.587839 
0.667078 -0.458511 0.587175 
0.668060 -0.457936 0.586507 
0.668734 -0.457530 0.586055 
0.669717 -0.456953 0.585383 
0.670532 -0.456820 0.584553 
0.671211 -0.456409 0.584094 
0.672206 -0.455821 0.583409 
0.672891 -0.455405 0.582944 
0.673891 -0.454812 0.582252 
0.674893 -0.454216 0.581556 
0.675588 -0.453791 0.581081 
0.676420 -0.453642 0.580228 
0.677121 -0.453212 0.579746 
0.678133 -0.452606 0.579037 
0.678841 -0.452171 0.578547 
0.679858 -0.451558 0.577831 
0.680348 -0.450970 0.577714 
0.681369 -0.450352 0.576991 
0.681914 -0.450360 0.576340 
0.682941 -0.449738 0.575611 
0.683667 -0.449287 0.575101 
0.684698 -0.448658 0.574364 
0.685430 -0.448202 0.573847 
0.686292 -0.448023 0.572957 
0.687029 -0.447561 0.572433 
0.687846 -0.446776 0.572065 
0.688590 -0.446309 0.571534 
0.689636 -0.445665 0.570776 
0.690385 -0.445192 0.570239 
0.691260 -0.444998 0.569329 
0.692016 -0.444520 0.568785 
0.693070 -0.443864 0.568013 
0.693832 -0.443380 0.567461 
0.694197 -0.443208 0.567148 
0.695258 -0.442545 0.566366 
0.696028 -0.442053 0.565804 
0.697094 -0.441383 0.565014 
0.697870 -0.440886 0.564444 
0.698474 -0.440844 0.563730 
0.699322 -0.440025 0.563318 
0.700106 -0.439519 0.562738 
0.701183 -0.438836 0.561930 
0.701798 -0.438784 0.561202 
