-6777000.000000 -70620.000000 90400.000000
-6777000.000000 -70620.000000 90400.000000
-6777000.000000 -75340.000000 96440.000000
-6777000.000000 -75340.000000 96440.000000
-6777000.000000 -80070.000000 102500.000000
-6777000.000000 -80070.000000 102500.000000
-6777000.000000 -84790.000000 108500.000000
-6777000.000000 -84790.000000 108500.000000
-6777000.000000 -89510.000000 114600.000000
-6777000.000000 -89510.000000 114600.000000
-6776000.000000 -94220.000000 120600.000000
-6776000.000000 -94220.000000 120600.000000
-6776000.000000 -98950.000000 126600.000000
-6776000.000000 -98950.000000 126600.000000
-6776000.000000 -103700.000000 132700.000000
-6776000.000000 -103700.000000 132700.000000
-6776000.000000 -108400.000000 138700.000000
-6776000.000000 -108400.000000 138700.000000
-6776000.000000 -113100.000000 144800.000000
-6776000.000000 -113100.000000 144800.000000
-6775000.000000 -117800.000000 150800.000000
-6775000.000000 -117800.000000 150800.000000
-6775000.000000 -122500.000000 156900.000000
-6775000.000000 -122500.000000 156900.000000
-6775000.000000 -127300.000000 162900.000000
-6775000.000000 -127300.000000 162900.000000
-6775000.000000 -132000.000000 168900.000000
-6775000.000000 -132000.000000 168900.000000
-6775000.000000 -136700.000000 175000.000000
-6775000.000000 -136700.000000 175000.000000
-6774000.000000 -141400.000000 181000.000000
-6774000.000000 -141400.000000 181000.000000
-6774000.000000 -146100.000000 187000.000000
-6774000.000000 -146100.000000 187000.000000
-6774000.000000 -150900.000000 193100.000000
-6774000.000000 -150900.000000 193100.000000
-6773000.000000 -155600.000000 199100.000000
-6773000.000000 -155600.000000 199100.000000
-6773000.000000 -160300.000000 205200.000000
-6773000.000000 -160300.000000 205200.000000
-6773000.000000 -165000.000000 211200.000000
-6773000.000000 -165000.000000 211200.000000
-6773000.000000 -169700.000000 217200.000000
-6773000.000000 -169700.000000 217200.000000
-6772000.000000 -174400.000000 223300.000000
-6772000.000000 -174400.000000 223300.000000
-6772000.000000 -179200.000000 229300.000000
-6772000.000000 -179200.000000 229300.000000
-6772000.000000 -183900.000000 235300.000000
-6772000.000000 -183900.000000 235300.000000
-6771000.000000 -188600.000000 241400.000000
-6771000.000000 -188600.000000 241400.000000
-6771000.000000 -192800.000000 246800.000000
-6771000.000000 -192800.000000 246800.000000
-6771000.000000 -198000.000000 253500.000000
-6771000.000000 -198000.000000 253500.000000
-6770000.000000 -202700.000000 259500.000000
-6770000.000000 -202700.000000 259500.000000
-6770000.000000 -207500.000000 265500.000000
-6770000.000000 -207500.000000 265500.000000
-6769000.000000 -212200.000000 271600.000000
-6769000.000000 -212200.000000 271600.000000
-6769000.000000 -216900.000000 277600.000000
-6769000.000000 -216900.000000 277600.000000
-6769000.000000 -221600.000000 283600.000000
-6769000.000000 -221600.000000 283600.000000
-6768000.000000 -226300.000000 289700.000000
-6768000.000000 -226300.000000 289700.000000
-6768000.000000 -231000.000000 295700.000000
-6768000.000000 -231000.000000 295700.000000
-6767000.000000 -235700.000000 301700.000000
-6767000.000000 -235700.000000 301700.000000
-6767000.000000 -240500.000000 307800.000000
-6767000.000000 -240500.000000 307800.000000
-6766000.000000 -245200.000000 313800.000000
-6766000.000000 -245200.000000 313800.000000
-6766000.000000 -249900.000000 319800.000000
-6766000.000000 -249900.000000 319800.000000
-6766000.000000 -254600.000000 325900.000000
-6766000.000000 -254600.000000 325900.000000
-6765000.000000 -259300.000000 331900.000000
-6765000.000000 -259300.000000 331900.000000
-6765000.000000 -264000.000000 337900.000000
-6765000.000000 -264000.000000 337900.000000
-6764000.000000 -268700.000000 344000.000000
-6764000.000000 -268700.000000 344000.000000
-6764000.000000 -273500.000000 350000.000000
-6764000.000000 -273500.000000 350000.000000
-6763000.000000 -278200.000000 356000.000000
-6763000.000000 -278200.000000 356000.000000
-6763000.000000 -282900.000000 362100.000000
-6763000.000000 -282900.000000 362100.000000
-6762000.000000 -287600.000000 368100.000000
-6762000.000000 -287600.000000 368100.000000
-6761000.000000 -292300.000000 374100.000000
-6761000.000000 -292300.000000 374100.000000
-6761000.000000 -296600.000000 379600.000000
-6761000.000000 -296600.000000 379600.000000
-6760000.000000 -301700.000000 386200.000000
-6760000.000000 -301700.000000 386200.000000
-6760000.000000 -306400.000000 392200.000000
-6760000.000000 -306400.000000 392200.000000
-6759000.000000 -311100.000000 398200.000000
-6759000.000000 -311100.000000 398200.000000
-6759000.000000 -315800.000000 404300.000000
-6759000.000000 -315800.000000 404300.000000
-6758000.000000 -320500.000000 410300.000000
-6758000.000000 -320500.000000 410300.000000
-6758000.000000 -325200.000000 416300.000000
-6758000.000000 -325200.000000 416300.000000
-6757000.000000 -330000.000000 422300.000000
-6757000.000000 -330000.000000 422300.000000
-6756000.000000 -334700.000000 428400.000000
-6756000.000000 -334700.000000 428400.000000
-6756000.000000 -339400.000000 434400.000000
-6756000.000000 -339400.000000 434400.000000
-6755000.000000 -344100.000000 440400.000000
-6755000.000000 -344100.000000 440400.000000
-6754000.000000 -348800.000000 446400.000000
-6754000.000000 -348800.000000 446400.000000
-6754000.000000 -353500.000000 452400.000000
-6754000.000000 -353500.000000 452400.000000
-6753000.000000 -358200.000000 458500.000000
-6753000.000000 -358200.000000 458500.000000
-6752000.000000 -362900.000000 464500.000000
-6752000.000000 -362900.000000 464500.000000
-6752000.000000 -367600.000000 470500.000000
-6752000.000000 -367600.000000 470500.000000
-6751000.000000 -372300.000000 476500.000000
-6751000.000000 -372300.000000 476500.000000
-6750000.000000 -377000.000000 482500.000000
-6750000.000000 -377000.000000 482500.000000
-6750000.000000 -381700.000000 488600.000000
-6750000.000000 -381700.000000 488600.000000
-6749000.000000 -386400.000000 494600.000000
-6749000.000000 -386400.000000 494600.000000
-6748000.000000 -391100.000000 500600.000000
-6748000.000000 -391100.000000 500600.000000
-6748000.000000 -395800.000000 506600.000000
-6748000.000000 -395800.000000 506600.000000
-6747000.000000 -400500.000000 512600.000000
-6747000.000000 -400500.000000 512600.000000
-6746000.000000 -405200.000000 518600.000000
-6746000.000000 -405200.000000 518600.000000
-6745000.000000 -409900.000000 524600.000000
-6745000.000000 -409900.000000 524600.000000
-6745000.000000 -414600.000000 530700.000000
-6745000.000000 -414600.000000 530700.000000
-6744000.000000 -419300.000000 536700.000000
-6744000.000000 -419300.000000 536700.000000
-6743000.000000 -424000.000000 542700.000000
-6743000.000000 -424000.000000 542700.000000
-6742000.000000 -428700.000000 548700.000000
-6742000.000000 -428700.000000 548700.000000
-6741000.000000 -433400.000000 554700.000000
-6741000.000000 -433400.000000 554700.000000
-6741000.000000 -438100.000000 560700.000000
-6741000.000000 -438100.000000 560700.000000
-6740000.000000 -442800.000000 566700.000000
-6740000.000000 -442800.000000 566700.000000
-6739000.000000 -447500.000000 572700.000000
-6739000.000000 -447500.000000 572700.000000
-6738000.000000 -452200.000000 578700.000000
-6738000.000000 -452200.000000 578700.000000
-6737000.000000 -456800.000000 584700.000000
-6737000.000000 -456800.000000 584700.000000
-6737000.000000 -461500.000000 590800.000000
-6737000.000000 -461500.000000 590800.000000
-6736000.000000 -466200.000000 596800.000000
-6736000.000000 -466200.000000 596800.000000
-6735000.000000 -470900.000000 602800.000000
-6735000.000000 -470900.000000 602800.000000
-6734000.000000 -475600.000000 608800.000000
-6734000.000000 -475600.000000 608800.000000
-6733000.000000 -480300.000000 614800.000000
-6733000.000000 -480300.000000 614800.000000
-6732000.000000 -485000.000000 620800.000000
-6732000.000000 -485000.000000 620800.000000
-6731000.000000 -489700.000000 626800.000000
-6731000.000000 -489700.000000 626800.000000
-6730000.000000 -494400.000000 632800.000000
-6730000.000000 -494400.000000 632800.000000
-6729000.000000 -499100.000000 638800.000000
-6729000.000000 -499100.000000 638800.000000
-6729000.000000 -503300.000000 644200.000000
-6729000.000000 -503300.000000 644200.000000
-6728000.000000 -508500.000000 650800.000000
-6728000.000000 -508500.000000 650800.000000
-6727000.000000 -513100.000000 656800.000000
-6727000.000000 -513100.000000 656800.000000
-6726000.000000 -517800.000000 662800.000000
-6726000.000000 -517800.000000 662800.000000
-6725000.000000 -522500.000000 668800.000000
-6725000.000000 -522500.000000 668800.000000
-6724000.000000 -527200.000000 674800.000000
-6724000.000000 -527200.000000 674800.000000
-6723000.000000 -531900.000000 680800.000000
-6723000.000000 -531900.000000 680800.000000
-6722000.000000 -536500.000000 686700.000000
-6722000.000000 -536500.000000 686700.000000
-6721000.000000 -541200.000000 692700.000000
-6721000.000000 -541200.000000 692700.000000
-6720000.000000 -545900.000000 698700.000000
-6720000.000000 -545900.000000 698700.000000
-6719000.000000 -550600.000000 704700.000000
-6719000.000000 -550600.000000 704700.000000
-6718000.000000 -555300.000000 710700.000000
-6718000.000000 -555300.000000 710700.000000
-6717000.000000 -559900.000000 716700.000000
-6717000.000000 -559900.000000 716700.000000
-6716000.000000 -564600.000000 722700.000000
-6716000.000000 -564600.000000 722700.000000
-6715000.000000 -569300.000000 728700.000000
-6715000.000000 -569300.000000 728700.000000
-6714000.000000 -574000.000000 734700.000000
-6714000.000000 -574000.000000 734700.000000
-6713000.000000 -578700.000000 740600.000000
-6713000.000000 -578700.000000 740600.000000
-6712000.000000 -583300.000000 746600.000000
-6712000.000000 -583300.000000 746600.000000
-6711000.000000 -588000.000000 752600.000000
-6711000.000000 -588000.000000 752600.000000
-6709000.000000 -592700.000000 758600.000000
-6709000.000000 -592700.000000 758600.000000
-6708000.000000 -597300.000000 764600.000000
-6708000.000000 -597300.000000 764600.000000
-6707000.000000 -602000.000000 770500.000000
-6707000.000000 -602000.000000 770500.000000
-6706000.000000 -606700.000000 776500.000000
-6706000.000000 -606700.000000 776500.000000
-6705000.000000 -611400.000000 782500.000000
-6705000.000000 -611400.000000 782500.000000
-6704000.000000 -616000.000000 788500.000000
-6704000.000000 -616000.000000 788500.000000
-6703000.000000 -620700.000000 794500.000000
-6703000.000000 -620700.000000 794500.000000
-6702000.000000 -625400.000000 800400.000000
-6702000.000000 -625400.000000 800400.000000
-6700000.000000 -630000.000000 806400.000000
-6700000.000000 -630000.000000 806400.000000
-6699000.000000 -634700.000000 812400.000000
-6699000.000000 -634700.000000 812400.000000
-6698000.000000 -639400.000000 818400.000000
-6698000.000000 -639400.000000 818400.000000
-6697000.000000 -644000.000000 824300.000000
-6697000.000000 -644000.000000 824300.000000
-6696000.000000 -648700.000000 830300.000000
-6696000.000000 -648700.000000 830300.000000
-6695000.000000 -653400.000000 836300.000000
-6695000.000000 -653400.000000 836300.000000
-6693000.000000 -658000.000000 842200.000000
-6693000.000000 -658000.000000 842200.000000
-6692000.000000 -662700.000000 848200.000000
-6692000.000000 -662700.000000 848200.000000
-6691000.000000 -667300.000000 854200.000000
-6691000.000000 -667300.000000 854200.000000
-6690000.000000 -672000.000000 860100.000000
-6690000.000000 -672000.000000 860100.000000
-6688000.000000 -676700.000000 866100.000000
-6688000.000000 -676700.000000 866100.000000
-6687000.000000 -681300.000000 872100.000000
-6687000.000000 -681300.000000 872100.000000
-6686000.000000 -686000.000000 878000.000000
-6686000.000000 -686000.000000 878000.000000
-6685000.000000 -690600.000000 884000.000000
-6685000.000000 -690600.000000 884000.000000
-6683000.000000 -695300.000000 889900.000000
-6683000.000000 -695300.000000 889900.000000
-6682000.000000 -699900.000000 895900.000000
-6682000.000000 -699900.000000 895900.000000
-6681000.000000 -704600.000000 901800.000000
-6681000.000000 -704600.000000 901800.000000
-6680000.000000 -709300.000000 907900.000000
-6680000.000000 -709300.000000 907900.000000
-6678000.000000 -713900.000000 913800.000000
-6678000.000000 -713900.000000 913800.000000
-6677000.000000 -718600.000000 919700.000000
-6677000.000000 -718600.000000 919700.000000
-6676000.000000 -723200.000000 925700.000000
-6676000.000000 -723200.000000 925700.000000
-6674000.000000 -727900.000000 931600.000000
-6674000.000000 -727900.000000 931600.000000
-6673000.000000 -732500.000000 937600.000000
-6673000.000000 -732500.000000 937600.000000
-6672000.000000 -737200.000000 943500.000000
-6672000.000000 -737200.000000 943500.000000
-6670000.000000 -741800.000000 949500.000000
-6670000.000000 -741800.000000 949500.000000
-6669000.000000 -746400.000000 955400.000000
-6669000.000000 -746400.000000 955400.000000
-6667000.000000 -751100.000000 961400.000000
-6667000.000000 -751100.000000 961400.000000
-6666000.000000 -755700.000000 967300.000000
-6666000.000000 -755700.000000 967300.000000
-6665000.000000 -760400.000000 973200.000000
-6665000.000000 -760400.000000 973200.000000
-6663000.000000 -765000.000000 979200.000000
-6663000.000000 -765000.000000 979200.000000
-6662000.000000 -769700.000000 985100.000000
-6662000.000000 -769700.000000 985100.000000
-6660000.000000 -774300.000000 991100.000000
-6660000.000000 -774300.000000 991100.000000
-6659000.000000 -778900.000000 997000.000000
-6659000.000000 -778900.000000 997000.000000
-6658000.000000 -783600.000000 1003000.000000
-6658000.000000 -783600.000000 1003000.000000
-6656000.000000 -788200.000000 1009000.000000
-6656000.000000 -788200.000000 1009000.000000
-6655000.000000 -792900.000000 1015000.000000
-6655000.000000 -792900.000000 1015000.000000
-6653000.000000 -797500.000000 1021000.000000
-6653000.000000 -797500.000000 1021000.000000
-6652000.000000 -802100.000000 1027000.000000
-6652000.000000 -802100.000000 1027000.000000
-6650000.000000 -806700.000000 1033000.000000
-6650000.000000 -806700.000000 1033000.000000
-6649000.000000 -811400.000000 1039000.000000
-6649000.000000 -811400.000000 1039000.000000
-6647000.000000 -816000.000000 1044000.000000
-6647000.000000 -816000.000000 1044000.000000
-6646000.000000 -820600.000000 1050000.000000
-6646000.000000 -820600.000000 1050000.000000
-6644000.000000 -825300.000000 1056000.000000
-6644000.000000 -825300.000000 1056000.000000
-6643000.000000 -829900.000000 1062000.000000
-6643000.000000 -829900.000000 1062000.000000
-6641000.000000 -834500.000000 1068000.000000
-6641000.000000 -834500.000000 1068000.000000
-6640000.000000 -839100.000000 1074000.000000
-6640000.000000 -839100.000000 1074000.000000
-6638000.000000 -843800.000000 1080000.000000
-6638000.000000 -843800.000000 1080000.000000
-6637000.000000 -848400.000000 1086000.000000
-6637000.000000 -848400.000000 1086000.000000
-6635000.000000 -853000.000000 1092000.000000
-6635000.000000 -853000.000000 1092000.000000
-6633000.000000 -857600.000000 1098000.000000
-6633000.000000 -857600.000000 1098000.000000
-6632000.000000 -862300.000000 1104000.000000
-6632000.000000 -862300.000000 1104000.000000
-6630000.000000 -866900.000000 1110000.000000
-6630000.000000 -866900.000000 1110000.000000
-6629000.000000 -871500.000000 1115000.000000
-6629000.000000 -871500.000000 1115000.000000
-6627000.000000 -876100.000000 1121000.000000
-6627000.000000 -876100.000000 1121000.000000
-6625000.000000 -880700.000000 1127000.000000
-6625000.000000 -880700.000000 1127000.000000
-6624000.000000 -885300.000000 1133000.000000
-6624000.000000 -885300.000000 1133000.000000
-6622000.000000 -890000.000000 1139000.000000
-6622000.000000 -890000.000000 1139000.000000
-6621000.000000 -894600.000000 1145000.000000
-6621000.000000 -894600.000000 1145000.000000
-6619000.000000 -899200.000000 1151000.000000
-6619000.000000 -899200.000000 1151000.000000
-6617000.000000 -903800.000000 1157000.000000
-6617000.000000 -903800.000000 1157000.000000
-6616000.000000 -908400.000000 1163000.000000
-6616000.000000 -908400.000000 1163000.000000
-6614000.000000 -913000.000000 1169000.000000
-6614000.000000 -913000.000000 1169000.000000
-6612000.000000 -917600.000000 1174000.000000
-6612000.000000 -917600.000000 1174000.000000
-6611000.000000 -922200.000000 1180000.000000
-6611000.000000 -922200.000000 1180000.000000
-6609000.000000 -926800.000000 1186000.000000
-6609000.000000 -926800.000000 1186000.000000
-6607000.000000 -931400.000000 1192000.000000
-6607000.000000 -931400.000000 1192000.000000
-6605000.000000 -936000.000000 1198000.000000
-6605000.000000 -936000.000000 1198000.000000
-6604000.000000 -940600.000000 1204000.000000
-6604000.000000 -940600.000000 1204000.000000
-6602000.000000 -945200.000000 1210000.000000
-6602000.000000 -945200.000000 1210000.000000
-6600000.000000 -949800.000000 1216000.000000
-6600000.000000 -949800.000000 1216000.000000
-6598000.000000 -954400.000000 1222000.000000
-6598000.000000 -954400.000000 1222000.000000
-6597000.000000 -959000.000000 1227000.000000
-6597000.000000 -959000.000000 1227000.000000
-6595000.000000 -963600.000000 1233000.000000
-6595000.000000 -963600.000000 1233000.000000
-6593000.000000 -968200.000000 1239000.000000
-6593000.000000 -968200.000000 1239000.000000
-6591000.000000 -972800.000000 1245000.000000
-6591000.000000 -972800.000000 1245000.000000
-6590000.000000 -977400.000000 1251000.000000
-6590000.000000 -977400.000000 1251000.000000
-6588000.000000 -982000.000000 1257000.000000
-6588000.000000 -982000.000000 1257000.000000
-6586000.000000 -986600.000000 1263000.000000
-6586000.000000 -986600.000000 1263000.000000
-6584000.000000 -991200.000000 1269000.000000
-6584000.000000 -991200.000000 1269000.000000
-6582000.000000 -995700.000000 1274000.000000
-6582000.000000 -995700.000000 1274000.000000
-6581000.000000 -1000000.000000 1280000.000000
-6581000.000000 -1000000.000000 1280000.000000
-6579000.000000 -1005000.000000 1286000.000000
-6579000.000000 -1005000.000000 1286000.000000
-6577000.000000 -1009000.000000 1292000.000000
-6577000.000000 -1009000.000000 1292000.000000
-6575000.000000 -1014000.000000 1298000.000000
-6575000.000000 -1014000.000000 1298000.000000
-6573000.000000 -1019000.000000 1304000.000000
-6573000.000000 -1019000.000000 1304000.000000
-6571000.000000 -1023000.000000 1310000.000000
-6571000.000000 -1023000.000000 1310000.000000
-6569000.000000 -1028000.000000 1316000.000000
-6569000.000000 -1028000.000000 1316000.000000
-6567000.000000 -1032000.000000 1321000.000000
-6567000.000000 -1032000.000000 1321000.000000
-6566000.000000 -1037000.000000 1327000.000000
-6566000.000000 -1037000.000000 1327000.000000
-6564000.000000 -1042000.000000 1333000.000000
-6564000.000000 -1042000.000000 1333000.000000
-6562000.000000 -1046000.000000 1339000.000000
-6562000.000000 -1046000.000000 1339000.000000
-6560000.000000 -1051000.000000 1345000.000000
-6560000.000000 -1051000.000000 1345000.000000
-6558000.000000 -1055000.000000 1351000.000000
-6558000.000000 -1055000.000000 1351000.000000
-6556000.000000 -1060000.000000 1356000.000000
-6556000.000000 -1060000.000000 1356000.000000
-6554000.000000 -1064000.000000 1362000.000000
-6554000.000000 -1064000.000000 1362000.000000
-6552000.000000 -1069000.000000 1368000.000000
-6552000.000000 -1069000.000000 1368000.000000
-6550000.000000 -1073000.000000 1374000.000000
-6550000.000000 -1073000.000000 1374000.000000
-6548000.000000 -1078000.000000 1380000.000000
-6548000.000000 -1078000.000000 1380000.000000
-6546000.000000 -1083000.000000 1386000.000000
-6546000.000000 -1083000.000000 1386000.000000
-6544000.000000 -1087000.000000 1392000.000000
-6544000.000000 -1087000.000000 1392000.000000
-6542000.000000 -1092000.000000 1397000.000000
-6542000.000000 -1092000.000000 1397000.000000
-6540000.000000 -1096000.000000 1403000.000000
-6540000.000000 -1096000.000000 1403000.000000
-6538000.000000 -1101000.000000 1409000.000000
-6538000.000000 -1101000.000000 1409000.000000
-6536000.000000 -1105000.000000 1415000.000000
-6536000.000000 -1105000.000000 1415000.000000
-6534000.000000 -1110000.000000 1421000.000000
-6534000.000000 -1110000.000000 1421000.000000
-6532000.000000 -1114000.000000 1426000.000000
-6532000.000000 -1114000.000000 1426000.000000
-6530000.000000 -1119000.000000 1432000.000000
-6530000.000000 -1119000.000000 1432000.000000
-6528000.000000 -1124000.000000 1438000.000000
-6528000.000000 -1124000.000000 1438000.000000
-6526000.000000 -1128000.000000 1444000.000000
-6526000.000000 -1128000.000000 1444000.000000
-6524000.000000 -1133000.000000 1450000.000000
-6524000.000000 -1133000.000000 1450000.000000
-6522000.000000 -1137000.000000 1456000.000000
-6522000.000000 -1137000.000000 1456000.000000
-6519000.000000 -1142000.000000 1461000.000000
-6519000.000000 -1142000.000000 1461000.000000
-6517000.000000 -1146000.000000 1467000.000000
-6517000.000000 -1146000.000000 1467000.000000
-6515000.000000 -1151000.000000 1473000.000000
-6515000.000000 -1151000.000000 1473000.000000
-6513000.000000 -1155000.000000 1479000.000000
-6513000.000000 -1155000.000000 1479000.000000
-6511000.000000 -1160000.000000 1485000.000000
-6511000.000000 -1160000.000000 1485000.000000
-6509000.000000 -1164000.000000 1490000.000000
-6509000.000000 -1164000.000000 1490000.000000
-6507000.000000 -1169000.000000 1496000.000000
-6507000.000000 -1169000.000000 1496000.000000
-6505000.000000 -1174000.000000 1502000.000000
-6505000.000000 -1174000.000000 1502000.000000
-6502000.000000 -1178000.000000 1508000.000000
-6502000.000000 -1178000.000000 1508000.000000
-6500000.000000 -1183000.000000 1514000.000000
-6500000.000000 -1183000.000000 1514000.000000
-6498000.000000 -1187000.000000 1519000.000000
-6498000.000000 -1187000.000000 1519000.000000
-6496000.000000 -1192000.000000 1525000.000000
-6496000.000000 -1192000.000000 1525000.000000
-6494000.000000 -1196000.000000 1531000.000000
-6494000.000000 -1196000.000000 1531000.000000
-6492000.000000 -1201000.000000 1537000.000000
-6492000.000000 -1201000.000000 1537000.000000
-6489000.000000 -1205000.000000 1543000.000000
-6489000.000000 -1205000.000000 1543000.000000
-6487000.000000 -1210000.000000 1548000.000000
-6487000.000000 -1210000.000000 1548000.000000
-6485000.000000 -1214000.000000 1554000.000000
-6485000.000000 -1214000.000000 1554000.000000
-6483000.000000 -1219000.000000 1560000.000000
-6483000.000000 -1219000.000000 1560000.000000
-6480000.000000 -1223000.000000 1566000.000000
-6480000.000000 -1223000.000000 1566000.000000
-6478000.000000 -1228000.000000 1571000.000000
-6478000.000000 -1228000.000000 1571000.000000
-6476000.000000 -1232000.000000 1577000.000000
-6476000.000000 -1232000.000000 1577000.000000
-6474000.000000 -1237000.000000 1583000.000000
-6474000.000000 -1237000.000000 1583000.000000
-6471000.000000 -1241000.000000 1589000.000000
-6471000.000000 -1241000.000000 1589000.000000
-6469000.000000 -1246000.000000 1595000.000000
-6469000.000000 -1246000.000000 1595000.000000
-6467000.000000 -1250000.000000 1600000.000000
-6467000.000000 -1250000.000000 1600000.000000
-6464000.000000 -1255000.000000 1606000.000000
-6464000.000000 -1255000.000000 1606000.000000
-6462000.000000 -1259000.000000 1612000.000000
-6462000.000000 -1259000.000000 1612000.000000
-6460000.000000 -1264000.000000 1618000.000000
-6460000.000000 -1264000.000000 1618000.000000
-6458000.000000 -1268000.000000 1623000.000000
-6458000.000000 -1268000.000000 1623000.000000
-6455000.000000 -1273000.000000 1629000.000000
-6455000.000000 -1273000.000000 1629000.000000
-6453000.000000 -1277000.000000 1635000.000000
-6453000.000000 -1277000.000000 1635000.000000
-6450000.000000 -1282000.000000 1641000.000000
-6450000.000000 -1282000.000000 1641000.000000
-6448000.000000 -1286000.000000 1646000.000000
-6448000.000000 -1286000.000000 1646000.000000
-6446000.000000 -1291000.000000 1652000.000000
-6446000.000000 -1291000.000000 1652000.000000
-6443000.000000 -1295000.000000 1658000.000000
-6443000.000000 -1295000.000000 1658000.000000
-6441000.000000 -1300000.000000 1664000.000000
-6441000.000000 -1300000.000000 1664000.000000
-6439000.000000 -1304000.000000 1669000.000000
-6439000.000000 -1304000.000000 1669000.000000
-6436000.000000 -1309000.000000 1675000.000000
-6436000.000000 -1309000.000000 1675000.000000
-6434000.000000 -1313000.000000 1681000.000000
-6434000.000000 -1313000.000000 1681000.000000
-6431000.000000 -1318000.000000 1687000.000000
-6431000.000000 -1318000.000000 1687000.000000
-6429000.000000 -1322000.000000 1692000.000000
-6429000.000000 -1322000.000000 1692000.000000
-6427000.000000 -1327000.000000 1698000.000000
-6427000.000000 -1327000.000000 1698000.000000
-6424000.000000 -1331000.000000 1704000.000000
-6424000.000000 -1331000.000000 1704000.000000
-6422000.000000 -1336000.000000 1710000.000000
-6422000.000000 -1336000.000000 1710000.000000
-6419000.000000 -1340000.000000 1715000.000000
-6419000.000000 -1340000.000000 1715000.000000
-6417000.000000 -1345000.000000 1721000.000000
-6417000.000000 -1345000.000000 1721000.000000
-6414000.000000 -1349000.000000 1727000.000000
-6414000.000000 -1349000.000000 1727000.000000
-6412000.000000 -1353000.000000 1732000.000000
-6412000.000000 -1353000.000000 1732000.000000
-6409000.000000 -1358000.000000 1738000.000000
-6409000.000000 -1358000.000000 1738000.000000
-6407000.000000 -1362000.000000 1744000.000000
-6407000.000000 -1362000.000000 1744000.000000
-6404000.000000 -1367000.000000 1750000.000000
-6404000.000000 -1367000.000000 1750000.000000
-6402000.000000 -1371000.000000 1755000.000000
-6402000.000000 -1371000.000000 1755000.000000
-6399000.000000 -1376000.000000 1761000.000000
-6399000.000000 -1376000.000000 1761000.000000
-6397000.000000 -1380000.000000 1767000.000000
-6397000.000000 -1380000.000000 1767000.000000
-6394000.000000 -1385000.000000 1772000.000000
-6394000.000000 -1385000.000000 1772000.000000
-6392000.000000 -1389000.000000 1778000.000000
-6392000.000000 -1389000.000000 1778000.000000
-6389000.000000 -1394000.000000 1784000.000000
-6389000.000000 -1394000.000000 1784000.000000
-6386000.000000 -1398000.000000 1789000.000000
-6386000.000000 -1398000.000000 1789000.000000
-6384000.000000 -1402000.000000 1795000.000000
-6384000.000000 -1402000.000000 1795000.000000
-6381000.000000 -1407000.000000 1801000.000000
-6381000.000000 -1407000.000000 1801000.000000
-6379000.000000 -1411000.000000 1807000.000000
-6379000.000000 -1411000.000000 1807000.000000
-6376000.000000 -1416000.000000 1812000.000000
-6376000.000000 -1416000.000000 1812000.000000
-6373000.000000 -1420000.000000 1818000.000000
-6373000.000000 -1420000.000000 1818000.000000
-6371000.000000 -1425000.000000 1824000.000000
-6371000.000000 -1425000.000000 1824000.000000
-6368000.000000 -1429000.000000 1829000.000000
-6368000.000000 -1429000.000000 1829000.000000
-6366000.000000 -1434000.000000 1835000.000000
-6366000.000000 -1434000.000000 1835000.000000
-6363000.000000 -1438000.000000 1841000.000000
-6363000.000000 -1438000.000000 1841000.000000
-6360000.000000 -1442000.000000 1846000.000000
-6360000.000000 -1442000.000000 1846000.000000
-6358000.000000 -1447000.000000 1852000.000000
-6358000.000000 -1447000.000000 1852000.000000
-6355000.000000 -1451000.000000 1858000.000000
-6355000.000000 -1451000.000000 1858000.000000
-6352000.000000 -1456000.000000 1863000.000000
-6352000.000000 -1456000.000000 1863000.000000
-6350000.000000 -1460000.000000 1869000.000000
-6350000.000000 -1460000.000000 1869000.000000
-6347000.000000 -1465000.000000 1875000.000000
-6347000.000000 -1465000.000000 1875000.000000
-6344000.000000 -1469000.000000 1880000.000000
-6344000.000000 -1469000.000000 1880000.000000
-6342000.000000 -1473000.000000 1886000.000000
-6342000.000000 -1473000.000000 1886000.000000
-6339000.000000 -1478000.000000 1892000.000000
-6339000.000000 -1478000.000000 1892000.000000
-6336000.000000 -1482000.000000 1897000.000000
-6336000.000000 -1482000.000000 1897000.000000
-6333000.000000 -1487000.000000 1903000.000000
-6333000.000000 -1487000.000000 1903000.000000
-6331000.000000 -1491000.000000 1908000.000000
-6331000.000000 -1491000.000000 1908000.000000
-6328000.000000 -1495000.000000 1914000.000000
-6328000.000000 -1495000.000000 1914000.000000
-6325000.000000 -1500000.000000 1920000.000000
-6325000.000000 -1500000.000000 1920000.000000
-6322000.000000 -1504000.000000 1925000.000000
-6322000.000000 -1504000.000000 1925000.000000
-6320000.000000 -1509000.000000 1931000.000000
-6320000.000000 -1509000.000000 1931000.000000
-6317000.000000 -1513000.000000 1937000.000000
-6317000.000000 -1513000.000000 1937000.000000
-6314000.000000 -1517000.000000 1942000.000000
-6314000.000000 -1517000.000000 1942000.000000
-6311000.000000 -1522000.000000 1948000.000000
-6311000.000000 -1522000.000000 1948000.000000
-6309000.000000 -1526000.000000 1954000.000000
-6309000.000000 -1526000.000000 1954000.000000
-6306000.000000 -1531000.000000 1959000.000000
-6306000.000000 -1531000.000000 1959000.000000
-6303000.000000 -1535000.000000 1965000.000000
-6303000.000000 -1535000.000000 1965000.000000
-6300000.000000 -1539000.000000 1970000.000000
-6300000.000000 -1539000.000000 1970000.000000
-6297000.000000 -1544000.000000 1976000.000000
-6297000.000000 -1544000.000000 1976000.000000
-6294000.000000 -1548000.000000 1982000.000000
-6294000.000000 -1548000.000000 1982000.000000
-6292000.000000 -1553000.000000 1987000.000000
-6292000.000000 -1553000.000000 1987000.000000
-6289000.000000 -1557000.000000 1993000.000000
-6289000.000000 -1557000.000000 1993000.000000
-6286000.000000 -1561000.000000 1998000.000000
-6286000.000000 -1561000.000000 1998000.000000
-6283000.000000 -1566000.000000 2004000.000000
-6283000.000000 -1566000.000000 2004000.000000
-6280000.000000 -1570000.000000 2010000.000000
-6280000.000000 -1570000.000000 2010000.000000
-6277000.000000 -1575000.000000 2015000.000000
-6277000.000000 -1575000.000000 2015000.000000
-6274000.000000 -1579000.000000 2021000.000000
-6274000.000000 -1579000.000000 2021000.000000
-6271000.000000 -1583000.000000 2026000.000000
-6271000.000000 -1583000.000000 2026000.000000
-6268000.000000 -1588000.000000 2032000.000000
-6268000.000000 -1588000.000000 2032000.000000
-6266000.000000 -1592000.000000 2038000.000000
-6266000.000000 -1592000.000000 2038000.000000
-6263000.000000 -1596000.000000 2043000.000000
-6263000.000000 -1596000.000000 2043000.000000
-6260000.000000 -1601000.000000 2049000.000000
-6260000.000000 -1601000.000000 2049000.000000
-6257000.000000 -1605000.000000 2054000.000000
-6257000.000000 -1605000.000000 2054000.000000
-6254000.000000 -1609000.000000 2060000.000000
-6254000.000000 -1609000.000000 2060000.000000
-6251000.000000 -1614000.000000 2066000.000000
-6251000.000000 -1614000.000000 2066000.000000
-6248000.000000 -1618000.000000 2071000.000000
-6248000.000000 -1618000.000000 2071000.000000
-6245000.000000 -1622000.000000 2077000.000000
-6245000.000000 -1622000.000000 2077000.000000
-6242000.000000 -1627000.000000 2082000.000000
-6242000.000000 -1627000.000000 2082000.000000
-6239000.000000 -1631000.000000 2088000.000000
-6239000.000000 -1631000.000000 2088000.000000
-6236000.000000 -1636000.000000 2093000.000000
-6236000.000000 -1636000.000000 2093000.000000
-6233000.000000 -1640000.000000 2099000.000000
-6233000.000000 -1640000.000000 2099000.000000
-6230000.000000 -1644000.000000 2104000.000000
-6230000.000000 -1644000.000000 2104000.000000
-6227000.000000 -1649000.000000 2110000.000000
-6227000.000000 -1649000.000000 2110000.000000
-6224000.000000 -1653000.000000 2116000.000000
-6224000.000000 -1653000.000000 2116000.000000
-6221000.000000 -1657000.000000 2121000.000000
-6221000.000000 -1657000.000000 2121000.000000
-6218000.000000 -1662000.000000 2127000.000000
-6218000.000000 -1662000.000000 2127000.000000
-6215000.000000 -1666000.000000 2132000.000000
-6215000.000000 -1666000.000000 2132000.000000
-6212000.000000 -1670000.000000 2138000.000000
-6212000.000000 -1670000.000000 2138000.000000
-6209000.000000 -1675000.000000 2143000.000000
-6209000.000000 -1675000.000000 2143000.000000
-6205000.000000 -1679000.000000 2149000.000000
-6205000.000000 -1679000.000000 2149000.000000
-6202000.000000 -1683000.000000 2154000.000000
-6202000.000000 -1683000.000000 2154000.000000
-6199000.000000 -1687000.000000 2160000.000000
-6199000.000000 -1687000.000000 2160000.000000
-6196000.000000 -1692000.000000 2165000.000000
-6196000.000000 -1692000.000000 2165000.000000
-6193000.000000 -1696000.000000 2171000.000000
-6193000.000000 -1696000.000000 2171000.000000
-6190000.000000 -1700000.000000 2176000.000000
-6190000.000000 -1700000.000000 2176000.000000
-6187000.000000 -1705000.000000 2182000.000000
-6187000.000000 -1705000.000000 2182000.000000
-6184000.000000 -1709000.000000 2187000.000000
-6184000.000000 -1709000.000000 2187000.000000
-6180000.000000 -1713000.000000 2193000.000000
-6180000.000000 -1713000.000000 2193000.000000
-6177000.000000 -1718000.000000 2198000.000000
-6177000.000000 -1718000.000000 2198000.000000
-6174000.000000 -1722000.000000 2204000.000000
-6174000.000000 -1722000.000000 2204000.000000
-6171000.000000 -1726000.000000 2210000.000000
-6171000.000000 -1726000.000000 2210000.000000
-6168000.000000 -1731000.000000 2215000.000000
-6168000.000000 -1731000.000000 2215000.000000
-6165000.000000 -1735000.000000 2221000.000000
-6165000.000000 -1735000.000000 2221000.000000
-6161000.000000 -1739000.000000 2226000.000000
-6161000.000000 -1739000.000000 2226000.000000
-6158000.000000 -1743000.000000 2231000.000000
-6158000.000000 -1743000.000000 2231000.000000
-6155000.000000 -1748000.000000 2237000.000000
-6155000.000000 -1748000.000000 2237000.000000
-6152000.000000 -1752000.000000 2242000.000000
-6152000.000000 -1752000.000000 2242000.000000
-6149000.000000 -1756000.000000 2248000.000000
-6149000.000000 -1756000.000000 2248000.000000
-6145000.000000 -1761000.000000 2253000.000000
-6145000.000000 -1761000.000000 2253000.000000
-6142000.000000 -1765000.000000 2259000.000000
-6142000.000000 -1765000.000000 2259000.000000
-6139000.000000 -1769000.000000 2264000.000000
-6139000.000000 -1769000.000000 2264000.000000
-6136000.000000 -1773000.000000 2270000.000000
-6136000.000000 -1773000.000000 2270000.000000
-6132000.000000 -1778000.000000 2275000.000000
-6132000.000000 -1778000.000000 2275000.000000
-6129000.000000 -1782000.000000 2281000.000000
-6129000.000000 -1782000.000000 2281000.000000
-6126000.000000 -1786000.000000 2286000.000000
-6126000.000000 -1786000.000000 2286000.000000
-6123000.000000 -1790000.000000 2292000.000000
-6123000.000000 -1790000.000000 2292000.000000
-6119000.000000 -1795000.000000 2297000.000000
-6119000.000000 -1795000.000000 2297000.000000
-6116000.000000 -1799000.000000 2303000.000000
-6116000.000000 -1799000.000000 2303000.000000
-6113000.000000 -1803000.000000 2308000.000000
-6113000.000000 -1803000.000000 2308000.000000
-6109000.000000 -1808000.000000 2314000.000000
-6109000.000000 -1808000.000000 2314000.000000
-6106000.000000 -1812000.000000 2319000.000000
-6106000.000000 -1812000.000000 2319000.000000
-6103000.000000 -1816000.000000 2324000.000000
-6103000.000000 -1816000.000000 2324000.000000
-6099000.000000 -1820000.000000 2330000.000000
-6099000.000000 -1820000.000000 2330000.000000
-6096000.000000 -1825000.000000 2335000.000000
-6096000.000000 -1825000.000000 2335000.000000
-6093000.000000 -1829000.000000 2341000.000000
-6093000.000000 -1829000.000000 2341000.000000
-6089000.000000 -1833000.000000 2346000.000000
-6089000.000000 -1833000.000000 2346000.000000
-6086000.000000 -1837000.000000 2352000.000000
-6086000.000000 -1837000.000000 2352000.000000
-6082000.000000 -1841000.000000 2357000.000000
-6082000.000000 -1841000.000000 2357000.000000
-6079000.000000 -1846000.000000 2362000.000000
-6079000.000000 -1846000.000000 2362000.000000
-6076000.000000 -1850000.000000 2368000.000000
-6076000.000000 -1850000.000000 2368000.000000
-6072000.000000 -1854000.000000 2373000.000000
-6072000.000000 -1854000.000000 2373000.000000
-6069000.000000 -1858000.000000 2379000.000000
-6069000.000000 -1858000.000000 2379000.000000
-6065000.000000 -1863000.000000 2384000.000000
-6065000.000000 -1863000.000000 2384000.000000
-6062000.000000 -1867000.000000 2389000.000000
-6062000.000000 -1867000.000000 2389000.000000
-6059000.000000 -1871000.000000 2395000.000000
-6059000.000000 -1871000.000000 2395000.000000
-6055000.000000 -1875000.000000 2400000.000000
-6055000.000000 -1875000.000000 2400000.000000
-6052000.000000 -1880000.000000 2406000.000000
-6052000.000000 -1880000.000000 2406000.000000
-6048000.000000 -1884000.000000 2411000.000000
-6048000.000000 -1884000.000000 2411000.000000
-6045000.000000 -1888000.000000 2416000.000000
-6045000.000000 -1888000.000000 2416000.000000
-6041000.000000 -1892000.000000 2422000.000000
-6041000.000000 -1892000.000000 2422000.000000
-6038000.000000 -1896000.000000 2427000.000000
-6038000.000000 -1896000.000000 2427000.000000
-6034000.000000 -1901000.000000 2433000.000000
-6034000.000000 -1901000.000000 2433000.000000
-6031000.000000 -1905000.000000 2438000.000000
-6031000.000000 -1905000.000000 2438000.000000
-6027000.000000 -1909000.000000 2443000.000000
-6027000.000000 -1909000.000000 2443000.000000
-6024000.000000 -1913000.000000 2449000.000000
-6024000.000000 -1913000.000000 2449000.000000
-6020000.000000 -1917000.000000 2454000.000000
-6020000.000000 -1917000.000000 2454000.000000
-6017000.000000 -1922000.000000 2459000.000000
-6017000.000000 -1922000.000000 2459000.000000
-6013000.000000 -1926000.000000 2465000.000000
-6013000.000000 -1926000.000000 2465000.000000
-6010000.000000 -1930000.000000 2470000.000000
-6010000.000000 -1930000.000000 2470000.000000
-6006000.000000 -1934000.000000 2476000.000000
-6006000.000000 -1934000.000000 2476000.000000
-6003000.000000 -1938000.000000 2481000.000000
-6003000.000000 -1938000.000000 2481000.000000
-5999000.000000 -1942000.000000 2486000.000000
-5999000.000000 -1942000.000000 2486000.000000
-5995000.000000 -1947000.000000 2492000.000000
-5995000.000000 -1947000.000000 2492000.000000
-5992000.000000 -1951000.000000 2497000.000000
-5992000.000000 -1951000.000000 2497000.000000
-5988000.000000 -1955000.000000 2502000.000000
-5988000.000000 -1955000.000000 2502000.000000
-5985000.000000 -1959000.000000 2508000.000000
-5985000.000000 -1959000.000000 2508000.000000
-5981000.000000 -1963000.000000 2513000.000000
-5981000.000000 -1963000.000000 2513000.000000
-5977000.000000 -1967000.000000 2518000.000000
-5977000.000000 -1967000.000000 2518000.000000
-5974000.000000 -1972000.000000 2524000.000000
-5974000.000000 -1972000.000000 2524000.000000
-5970000.000000 -1976000.000000 2529000.000000
-5970000.000000 -1976000.000000 2529000.000000
-5967000.000000 -1980000.000000 2534000.000000
-5967000.000000 -1980000.000000 2534000.000000
-5963000.000000 -1984000.000000 2540000.000000
-5963000.000000 -1984000.000000 2540000.000000
-5959000.000000 -1988000.000000 2545000.000000
-5959000.000000 -1988000.000000 2545000.000000
-5956000.000000 -1992000.000000 2550000.000000
-5956000.000000 -1992000.000000 2550000.000000
-5952000.000000 -1997000.000000 2556000.000000
-5952000.000000 -1997000.000000 2556000.000000
-5948000.000000 -2001000.000000 2561000.000000
-5948000.000000 -2001000.000000 2561000.000000
-5945000.000000 -2005000.000000 2566000.000000
-5945000.000000 -2005000.000000 2566000.000000
-5941000.000000 -2009000.000000 2571000.000000
-5941000.000000 -2009000.000000 2571000.000000
-5937000.000000 -2013000.000000 2577000.000000
-5937000.000000 -2013000.000000 2577000.000000
-5934000.000000 -2017000.000000 2582000.000000
-5934000.000000 -2017000.000000 2582000.000000
-5930000.000000 -2021000.000000 2587000.000000
-5930000.000000 -2021000.000000 2587000.000000
-5926000.000000 -2026000.000000 2593000.000000
-5926000.000000 -2026000.000000 2593000.000000
-5922000.000000 -2030000.000000 2598000.000000
-5922000.000000 -2030000.000000 2598000.000000
-5919000.000000 -2034000.000000 2603000.000000
-5919000.000000 -2034000.000000 2603000.000000
-5915000.000000 -2038000.000000 2608000.000000
-5915000.000000 -2038000.000000 2608000.000000
-5911000.000000 -2042000.000000 2614000.000000
-5911000.000000 -2042000.000000 2614000.000000
-5907000.000000 -2046000.000000 2619000.000000
-5907000.000000 -2046000.000000 2619000.000000
-5904000.000000 -2050000.000000 2624000.000000
-5904000.000000 -2050000.000000 2624000.000000
-5900000.000000 -2054000.000000 2629000.000000
-5900000.000000 -2054000.000000 2629000.000000
-5896000.000000 -2058000.000000 2635000.000000
-5896000.000000 -2058000.000000 2635000.000000
-5893000.000000 -2062000.000000 2639000.000000
-5893000.000000 -2062000.000000 2639000.000000
-5889000.000000 -2067000.000000 2645000.000000
-5889000.000000 -2067000.000000 2645000.000000
-5885000.000000 -2071000.000000 2650000.000000
-5885000.000000 -2071000.000000 2650000.000000
-5881000.000000 -2075000.000000 2656000.000000
-5881000.000000 -2075000.000000 2656000.000000
-5877000.000000 -2079000.000000 2661000.000000
-5877000.000000 -2079000.000000 2661000.000000
-5873000.000000 -2083000.000000 2666000.000000
-5873000.000000 -2083000.000000 2666000.000000
-5869000.000000 -2087000.000000 2671000.000000
-5869000.000000 -2087000.000000 2671000.000000
-5866000.000000 -2091000.000000 2677000.000000
-5866000.000000 -2091000.000000 2677000.000000
-5862000.000000 -2095000.000000 2682000.000000
-5862000.000000 -2095000.000000 2682000.000000
-5858000.000000 -2099000.000000 2687000.000000
-5858000.000000 -2099000.000000 2687000.000000
-5854000.000000 -2104000.000000 2692000.000000
-5854000.000000 -2104000.000000 2692000.000000
-5850000.000000 -2108000.000000 2698000.000000
-5850000.000000 -2108000.000000 2698000.000000
-5846000.000000 -2112000.000000 2703000.000000
-5846000.000000 -2112000.000000 2703000.000000
-5842000.000000 -2116000.000000 2708000.000000
-5842000.000000 -2116000.000000 2708000.000000
-5839000.000000 -2120000.000000 2713000.000000
-5839000.000000 -2120000.000000 2713000.000000
-5835000.000000 -2124000.000000 2718000.000000
-5835000.000000 -2124000.000000 2718000.000000
-5831000.000000 -2128000.000000 2724000.000000
-5831000.000000 -2128000.000000 2724000.000000
-5827000.000000 -2132000.000000 2729000.000000
-5827000.000000 -2132000.000000 2729000.000000
-5823000.000000 -2136000.000000 2734000.000000
-5823000.000000 -2136000.000000 2734000.000000
-5819000.000000 -2140000.000000 2739000.000000
-5819000.000000 -2140000.000000 2739000.000000
-5815000.000000 -2144000.000000 2744000.000000
-5815000.000000 -2144000.000000 2744000.000000
-5811000.000000 -2148000.000000 2750000.000000
-5811000.000000 -2148000.000000 2750000.000000
-5807000.000000 -2152000.000000 2755000.000000
-5807000.000000 -2152000.000000 2755000.000000
-5803000.000000 -2156000.000000 2760000.000000
-5803000.000000 -2156000.000000 2760000.000000
-5799000.000000 -2160000.000000 2765000.000000
-5799000.000000 -2160000.000000 2765000.000000
-5795000.000000 -2164000.000000 2770000.000000
-5795000.000000 -2164000.000000 2770000.000000
-5791000.000000 -2168000.000000 2775000.000000
-5791000.000000 -2168000.000000 2775000.000000
-5787000.000000 -2172000.000000 2781000.000000
-5787000.000000 -2172000.000000 2781000.000000
-5783000.000000 -2176000.000000 2786000.000000
-5783000.000000 -2176000.000000 2786000.000000
-5779000.000000 -2180000.000000 2791000.000000
-5779000.000000 -2180000.000000 2791000.000000
-5775000.000000 -2184000.000000 2796000.000000
-5775000.000000 -2184000.000000 2796000.000000
-5771000.000000 -2189000.000000 2801000.000000
-5771000.000000 -2189000.000000 2801000.000000
-5767000.000000 -2193000.000000 2806000.000000
-5767000.000000 -2193000.000000 2806000.000000
-5763000.000000 -2197000.000000 2811000.000000
-5763000.000000 -2197000.000000 2811000.000000
-5759000.000000 -2201000.000000 2817000.000000
-5759000.000000 -2201000.000000 2817000.000000
-5755000.000000 -2205000.000000 2822000.000000
-5755000.000000 -2205000.000000 2822000.000000
-5751000.000000 -2209000.000000 2827000.000000
-5751000.000000 -2209000.000000 2827000.000000
-5747000.000000 -2213000.000000 2832000.000000
-5747000.000000 -2213000.000000 2832000.000000
-5743000.000000 -2217000.000000 2837000.000000
-5743000.000000 -2217000.000000 2837000.000000
-5739000.000000 -2221000.000000 2842000.000000
-5739000.000000 -2221000.000000 2842000.000000
-5735000.000000 -2225000.000000 2847000.000000
-5735000.000000 -2225000.000000 2847000.000000
-5731000.000000 -2229000.000000 2852000.000000
-5731000.000000 -2229000.000000 2852000.000000
-5727000.000000 -2233000.000000 2858000.000000
-5727000.000000 -2233000.000000 2858000.000000
-5722000.000000 -2237000.000000 2863000.000000
-5722000.000000 -2237000.000000 2863000.000000
-5718000.000000 -2241000.000000 2868000.000000
-5718000.000000 -2241000.000000 2868000.000000
-5714000.000000 -2245000.000000 2873000.000000
-5714000.000000 -2245000.000000 2873000.000000
-5710000.000000 -2249000.000000 2878000.000000
-5710000.000000 -2249000.000000 2878000.000000
-5706000.000000 -2252000.000000 2883000.000000
-5706000.000000 -2252000.000000 2883000.000000
-5702000.000000 -2256000.000000 2888000.000000
-5702000.000000 -2256000.000000 2888000.000000
-5698000.000000 -2260000.000000 2893000.000000
-5698000.000000 -2260000.000000 2893000.000000
-5693000.000000 -2264000.000000 2898000.000000
-5693000.000000 -2264000.000000 2898000.000000
-5689000.000000 -2268000.000000 2903000.000000
-5689000.000000 -2268000.000000 2903000.000000
-5685000.000000 -2272000.000000 2908000.000000
-5685000.000000 -2272000.000000 2908000.000000
-5681000.000000 -2276000.000000 2913000.000000
-5681000.000000 -2276000.000000 2913000.000000
-5677000.000000 -2280000.000000 2919000.000000
-5677000.000000 -2280000.000000 2919000.000000
-5673000.000000 -2284000.000000 2924000.000000
-5673000.000000 -2284000.000000 2924000.000000
-5668000.000000 -2288000.000000 2929000.000000
-5668000.000000 -2288000.000000 2929000.000000
-5664000.000000 -2292000.000000 2934000.000000
-5664000.000000 -2292000.000000 2934000.000000
-5660000.000000 -2296000.000000 2939000.000000
-5660000.000000 -2296000.000000 2939000.000000
-5656000.000000 -2300000.000000 2944000.000000
-5656000.000000 -2300000.000000 2944000.000000
-5652000.000000 -2304000.000000 2949000.000000
-5652000.000000 -2304000.000000 2949000.000000
-5647000.000000 -2308000.000000 2954000.000000
-5647000.000000 -2308000.000000 2954000.000000
-5643000.000000 -2312000.000000 2959000.000000
-5643000.000000 -2312000.000000 2959000.000000
-5639000.000000 -2316000.000000 2964000.000000
-5639000.000000 -2316000.000000 2964000.000000
-5635000.000000 -2320000.000000 2969000.000000
-5635000.000000 -2320000.000000 2969000.000000
-5630000.000000 -2324000.000000 2974000.000000
-5630000.000000 -2324000.000000 2974000.000000
-5626000.000000 -2327000.000000 2979000.000000
-5626000.000000 -2327000.000000 2979000.000000
-5622000.000000 -2331000.000000 2984000.000000
-5622000.000000 -2331000.000000 2984000.000000
-5617000.000000 -2335000.000000 2989000.000000
-5617000.000000 -2335000.000000 2989000.000000
-5613000.000000 -2339000.000000 2994000.000000
-5613000.000000 -2339000.000000 2994000.000000
-5609000.000000 -2343000.000000 2999000.000000
-5609000.000000 -2343000.000000 2999000.000000
-5605000.000000 -2347000.000000 3004000.000000
-5605000.000000 -2347000.000000 3004000.000000
-5600000.000000 -2351000.000000 3009000.000000
-5600000.000000 -2351000.000000 3009000.000000
-5596000.000000 -2355000.000000 3014000.000000
-5596000.000000 -2355000.000000 3014000.000000
-5592000.000000 -2359000.000000 3019000.000000
-5592000.000000 -2359000.000000 3019000.000000
-5587000.000000 -2363000.000000 3024000.000000
-5587000.000000 -2363000.000000 3024000.000000
-5583000.000000 -2367000.000000 3029000.000000
-5583000.000000 -2367000.000000 3029000.000000
-5579000.000000 -2370000.000000 3034000.000000
-5579000.000000 -2370000.000000 3034000.000000
-5574000.000000 -2374000.000000 3039000.000000
-5574000.000000 -2374000.000000 3039000.000000
-5570000.000000 -2378000.000000 3044000.000000
-5570000.000000 -2378000.000000 3044000.000000
-5565000.000000 -2382000.000000 3049000.000000
-5565000.000000 -2382000.000000 3049000.000000
-5561000.000000 -2386000.000000 3054000.000000
-5561000.000000 -2386000.000000 3054000.000000
-5557000.000000 -2390000.000000 3059000.000000
-5557000.000000 -2390000.000000 3059000.000000
-5552000.000000 -2394000.000000 3064000.000000
-5552000.000000 -2394000.000000 3064000.000000
-5548000.000000 -2398000.000000 3069000.000000
-5548000.000000 -2398000.000000 3069000.000000
-5543000.000000 -2401000.000000 3074000.000000
-5543000.000000 -2401000.000000 3074000.000000
-5539000.000000 -2405000.000000 3079000.000000
-5539000.000000 -2405000.000000 3079000.000000
-5535000.000000 -2409000.000000 3084000.000000
-5535000.000000 -2409000.000000 3084000.000000
-5530000.000000 -2413000.000000 3088000.000000
-5530000.000000 -2413000.000000 3088000.000000
-5526000.000000 -2417000.000000 3093000.000000
-5526000.000000 -2417000.000000 3093000.000000
-5521000.000000 -2421000.000000 3098000.000000
-5521000.000000 -2421000.000000 3098000.000000
-5517000.000000 -2424000.000000 3103000.000000
-5517000.000000 -2424000.000000 3103000.000000
-5512000.000000 -2428000.000000 3108000.000000
-5512000.000000 -2428000.000000 3108000.000000
-5508000.000000 -2432000.000000 3113000.000000
-5508000.000000 -2432000.000000 3113000.000000
-5503000.000000 -2436000.000000 3118000.000000
-5503000.000000 -2436000.000000 3118000.000000
-5499000.000000 -2440000.000000 3123000.000000
-5499000.000000 -2440000.000000 3123000.000000
-5494000.000000 -2444000.000000 3128000.000000
-5494000.000000 -2444000.000000 3128000.000000
-5490000.000000 -2447000.000000 3133000.000000
-5490000.000000 -2447000.000000 3133000.000000
-5485000.000000 -2451000.000000 3138000.000000
-5485000.000000 -2451000.000000 3138000.000000
-5481000.000000 -2455000.000000 3142000.000000
-5481000.000000 -2455000.000000 3142000.000000
-5476000.000000 -2459000.000000 3147000.000000
-5476000.000000 -2459000.000000 3147000.000000
-5472000.000000 -2463000.000000 3152000.000000
-5472000.000000 -2463000.000000 3152000.000000
-5467000.000000 -2467000.000000 3157000.000000
-5467000.000000 -2467000.000000 3157000.000000
-5463000.000000 -2470000.000000 3162000.000000
-5463000.000000 -2470000.000000 3162000.000000
-5458000.000000 -2474000.000000 3167000.000000
-5458000.000000 -2474000.000000 3167000.000000
-5454000.000000 -2478000.000000 3172000.000000
-5454000.000000 -2478000.000000 3172000.000000
-5449000.000000 -2482000.000000 3177000.000000
-5449000.000000 -2482000.000000 3177000.000000
-5445000.000000 -2486000.000000 3181000.000000
-5445000.000000 -2486000.000000 3181000.000000
-5440000.000000 -2489000.000000 3186000.000000
-5440000.000000 -2489000.000000 3186000.000000
-5435000.000000 -2493000.000000 3191000.000000
-5435000.000000 -2493000.000000 3191000.000000
-5431000.000000 -2497000.000000 3196000.000000
-5431000.000000 -2497000.000000 3196000.000000
-5426000.000000 -2501000.000000 3201000.000000
-5426000.000000 -2501000.000000 3201000.000000
-5422000.000000 -2504000.000000 3206000.000000
-5422000.000000 -2504000.000000 3206000.000000
-5417000.000000 -2508000.000000 3210000.000000
-5417000.000000 -2508000.000000 3210000.000000
-5412000.000000 -2512000.000000 3215000.000000
-5412000.000000 -2512000.000000 3215000.000000
-5408000.000000 -2516000.000000 3220000.000000
-5408000.000000 -2516000.000000 3220000.000000
-5403000.000000 -2520000.000000 3225000.000000
-5403000.000000 -2520000.000000 3225000.000000
-5399000.000000 -2523000.000000 3230000.000000
-5399000.000000 -2523000.000000 3230000.000000
-5394000.000000 -2527000.000000 3235000.000000
-5394000.000000 -2527000.000000 3235000.000000
-5389000.000000 -2531000.000000 3239000.000000
-5389000.000000 -2531000.000000 3239000.000000
-5385000.000000 -2535000.000000 3244000.000000
-5385000.000000 -2535000.000000 3244000.000000
-5380000.000000 -2538000.000000 3249000.000000
-5380000.000000 -2538000.000000 3249000.000000
-5375000.000000 -2542000.000000 3254000.000000
-5375000.000000 -2542000.000000 3254000.000000
-5371000.000000 -2546000.000000 3259000.000000
-5371000.000000 -2546000.000000 3259000.000000
-5366000.000000 -2550000.000000 3263000.000000
-5366000.000000 -2550000.000000 3263000.000000
-5361000.000000 -2553000.000000 3268000.000000
-5361000.000000 -2553000.000000 3268000.000000
-5357000.000000 -2557000.000000 3273000.000000
-5357000.000000 -2557000.000000 3273000.000000
-5352000.000000 -2561000.000000 3278000.000000
-5352000.000000 -2561000.000000 3278000.000000
-5347000.000000 -2564000.000000 3282000.000000
-5347000.000000 -2564000.000000 3282000.000000
-5342000.000000 -2568000.000000 3287000.000000
-5342000.000000 -2568000.000000 3287000.000000
-5338000.000000 -2572000.000000 3292000.000000
-5338000.000000 -2572000.000000 3292000.000000
-5333000.000000 -2576000.000000 3297000.000000
-5333000.000000 -2576000.000000 3297000.000000
-5328000.000000 -2579000.000000 3301000.000000
-5328000.000000 -2579000.000000 3301000.000000
-5324000.000000 -2583000.000000 3306000.000000
-5324000.000000 -2583000.000000 3306000.000000
-5319000.000000 -2587000.000000 3311000.000000
-5319000.000000 -2587000.000000 3311000.000000
-5314000.000000 -2590000.000000 3316000.000000
-5314000.000000 -2590000.000000 3316000.000000
-5309000.000000 -2594000.000000 3320000.000000
-5309000.000000 -2594000.000000 3320000.000000
-5304000.000000 -2598000.000000 3325000.000000
-5304000.000000 -2598000.000000 3325000.000000
-5300000.000000 -2602000.000000 3330000.000000
-5300000.000000 -2602000.000000 3330000.000000
-5295000.000000 -2605000.000000 3335000.000000
-5295000.000000 -2605000.000000 3335000.000000
-5290000.000000 -2609000.000000 3339000.000000
-5290000.000000 -2609000.000000 3339000.000000
-5285000.000000 -2613000.000000 3344000.000000
-5285000.000000 -2613000.000000 3344000.000000
-5281000.000000 -2616000.000000 3349000.000000
-5281000.000000 -2616000.000000 3349000.000000
-5276000.000000 -2620000.000000 3353000.000000
-5276000.000000 -2620000.000000 3353000.000000
-5271000.000000 -2624000.000000 3358000.000000
-5271000.000000 -2624000.000000 3358000.000000
-5266000.000000 -2627000.000000 3363000.000000
-5266000.000000 -2627000.000000 3363000.000000
-5261000.000000 -2631000.000000 3368000.000000
-5261000.000000 -2631000.000000 3368000.000000
-5256000.000000 -2635000.000000 3372000.000000
-5256000.000000 -2635000.000000 3372000.000000
-5252000.000000 -2638000.000000 3377000.000000
-5252000.000000 -2638000.000000 3377000.000000
-5247000.000000 -2642000.000000 3382000.000000
-5247000.000000 -2642000.000000 3382000.000000
-5242000.000000 -2646000.000000 3386000.000000
-5242000.000000 -2646000.000000 3386000.000000
-5237000.000000 -2649000.000000 3391000.000000
-5237000.000000 -2649000.000000 3391000.000000
-5232000.000000 -2653000.000000 3396000.000000
-5232000.000000 -2653000.000000 3396000.000000
-5227000.000000 -2657000.000000 3400000.000000
-5227000.000000 -2657000.000000 3400000.000000
-5222000.000000 -2660000.000000 3405000.000000
-5222000.000000 -2660000.000000 3405000.000000
-5217000.000000 -2664000.000000 3410000.000000
-5217000.000000 -2664000.000000 3410000.000000
-5213000.000000 -2667000.000000 3414000.000000
-5213000.000000 -2667000.000000 3414000.000000
-5208000.000000 -2671000.000000 3419000.000000
-5208000.000000 -2671000.000000 3419000.000000
-5203000.000000 -2675000.000000 3424000.000000
-5203000.000000 -2675000.000000 3424000.000000
-5198000.000000 -2678000.000000 3428000.000000
-5198000.000000 -2678000.000000 3428000.000000
-5193000.000000 -2682000.000000 3433000.000000
-5193000.000000 -2682000.000000 3433000.000000
-5188000.000000 -2686000.000000 3437000.000000
-5188000.000000 -2686000.000000 3437000.000000
-5183000.000000 -2689000.000000 3442000.000000
-5183000.000000 -2689000.000000 3442000.000000
-5178000.000000 -2693000.000000 3447000.000000
-5178000.000000 -2693000.000000 3447000.000000
-5173000.000000 -2696000.000000 3451000.000000
-5173000.000000 -2696000.000000 3451000.000000
-5168000.000000 -2700000.000000 3456000.000000
-5168000.000000 -2700000.000000 3456000.000000
-5163000.000000 -2704000.000000 3460000.000000
-5163000.000000 -2704000.000000 3460000.000000
-5158000.000000 -2707000.000000 3465000.000000
-5158000.000000 -2707000.000000 3465000.000000
-5153000.000000 -2711000.000000 3470000.000000
-5153000.000000 -2711000.000000 3470000.000000
-5148000.000000 -2714000.000000 3474000.000000
-5148000.000000 -2714000.000000 3474000.000000
-5143000.000000 -2718000.000000 3479000.000000
-5143000.000000 -2718000.000000 3479000.000000
-5138000.000000 -2722000.000000 3483000.000000
-5138000.000000 -2722000.000000 3483000.000000
-5133000.000000 -2725000.000000 3488000.000000
-5133000.000000 -2725000.000000 3488000.000000
-5128000.000000 -2729000.000000 3493000.000000
-5128000.000000 -2729000.000000 3493000.000000
-5123000.000000 -2732000.000000 3497000.000000
-5123000.000000 -2732000.000000 3497000.000000
-5118000.000000 -2736000.000000 3502000.000000
-5118000.000000 -2736000.000000 3502000.000000
-5113000.000000 -2739000.000000 3506000.000000
-5113000.000000 -2739000.000000 3506000.000000
-5108000.000000 -2743000.000000 3511000.000000
-5108000.000000 -2743000.000000 3511000.000000
-5103000.000000 -2747000.000000 3515000.000000
-5103000.000000 -2747000.000000 3515000.000000
-5098000.000000 -2750000.000000 3520000.000000
-5098000.000000 -2750000.000000 3520000.000000
-5093000.000000 -2754000.000000 3524000.000000
-5093000.000000 -2754000.000000 3524000.000000
-5088000.000000 -2757000.000000 3529000.000000
-5088000.000000 -2757000.000000 3529000.000000
-5083000.000000 -2761000.000000 3534000.000000
-5083000.000000 -2761000.000000 3534000.000000
-5078000.000000 -2764000.000000 3538000.000000
-5078000.000000 -2764000.000000 3538000.000000
-5073000.000000 -2768000.000000 3543000.000000
-5073000.000000 -2768000.000000 3543000.000000
-5068000.000000 -2771000.000000 3547000.000000
-5068000.000000 -2771000.000000 3547000.000000
-5063000.000000 -2775000.000000 3552000.000000
-5063000.000000 -2775000.000000 3552000.000000
-5057000.000000 -2778000.000000 3556000.000000
-5057000.000000 -2778000.000000 3556000.000000
-5052000.000000 -2782000.000000 3561000.000000
-5052000.000000 -2782000.000000 3561000.000000
-5047000.000000 -2785000.000000 3565000.000000
-5047000.000000 -2785000.000000 3565000.000000
-5042000.000000 -2789000.000000 3570000.000000
-5042000.000000 -2789000.000000 3570000.000000
-5037000.000000 -2792000.000000 3574000.000000
-5037000.000000 -2792000.000000 3574000.000000
-5032000.000000 -2796000.000000 3579000.000000
-5032000.000000 -2796000.000000 3579000.000000
-5027000.000000 -2799000.000000 3583000.000000
-5027000.000000 -2799000.000000 3583000.000000
-5022000.000000 -2803000.000000 3588000.000000
-5022000.000000 -2803000.000000 3588000.000000
-5016000.000000 -2806000.000000 3592000.000000
-5016000.000000 -2806000.000000 3592000.000000
-5011000.000000 -2810000.000000 3597000.000000
-5011000.000000 -2810000.000000 3597000.000000
-5006000.000000 -2813000.000000 3601000.000000
-5006000.000000 -2813000.000000 3601000.000000
-5001000.000000 -2817000.000000 3605000.000000
-5001000.000000 -2817000.000000 3605000.000000
-4996000.000000 -2820000.000000 3610000.000000
-4996000.000000 -2820000.000000 3610000.000000
-4991000.000000 -2824000.000000 3614000.000000
-4991000.000000 -2824000.000000 3614000.000000
-4985000.000000 -2827000.000000 3619000.000000
-4985000.000000 -2827000.000000 3619000.000000
-4980000.000000 -2831000.000000 3623000.000000
-4980000.000000 -2831000.000000 3623000.000000
-4975000.000000 -2834000.000000 3628000.000000
-4975000.000000 -2834000.000000 3628000.000000
-4970000.000000 -2838000.000000 3632000.000000
-4970000.000000 -2838000.000000 3632000.000000
-4964000.000000 -2841000.000000 3637000.000000
-4964000.000000 -2841000.000000 3637000.000000
-4959000.000000 -2845000.000000 3641000.000000
-4959000.000000 -2845000.000000 3641000.000000
-4954000.000000 -2848000.000000 3645000.000000
-4954000.000000 -2848000.000000 3645000.000000
-4949000.000000 -2852000.000000 3650000.000000
-4949000.000000 -2852000.000000 3650000.000000
-4944000.000000 -2855000.000000 3654000.000000
-4944000.000000 -2855000.000000 3654000.000000
-4938000.000000 -2858000.000000 3659000.000000
-4938000.000000 -2858000.000000 3659000.000000
-4933000.000000 -2862000.000000 3663000.000000
-4933000.000000 -2862000.000000 3663000.000000
-4928000.000000 -2865000.000000 3667000.000000
-4928000.000000 -2865000.000000 3667000.000000
-4923000.000000 -2869000.000000 3672000.000000
-4923000.000000 -2869000.000000 3672000.000000
-4917000.000000 -2872000.000000 3676000.000000
-4917000.000000 -2872000.000000 3676000.000000
-4912000.000000 -2876000.000000 3681000.000000
-4912000.000000 -2876000.000000 3681000.000000
-4907000.000000 -2879000.000000 3685000.000000
-4907000.000000 -2879000.000000 3685000.000000
-4901000.000000 -2882000.000000 3689000.000000
-4901000.000000 -2882000.000000 3689000.000000
-4896000.000000 -2886000.000000 3694000.000000
-4896000.000000 -2886000.000000 3694000.000000
-4891000.000000 -2889000.000000 3698000.000000
-4891000.000000 -2889000.000000 3698000.000000
-4885000.000000 -2893000.000000 3702000.000000
-4885000.000000 -2893000.000000 3702000.000000
-4880000.000000 -2896000.000000 3707000.000000
-4880000.000000 -2896000.000000 3707000.000000
-4875000.000000 -2899000.000000 3711000.000000
-4875000.000000 -2899000.000000 3711000.000000
-4869000.000000 -2903000.000000 3715000.000000
-4869000.000000 -2903000.000000 3715000.000000
-4864000.000000 -2906000.000000 3720000.000000
-4864000.000000 -2906000.000000 3720000.000000
-4859000.000000 -2910000.000000 3724000.000000
-4859000.000000 -2910000.000000 3724000.000000
-4853000.000000 -2913000.000000 3728000.000000
-4853000.000000 -2913000.000000 3728000.000000
-4848000.000000 -2916000.000000 3733000.000000
-4848000.000000 -2916000.000000 3733000.000000
-4843000.000000 -2920000.000000 3737000.000000
-4843000.000000 -2920000.000000 3737000.000000
-4837000.000000 -2923000.000000 3741000.000000
-4837000.000000 -2923000.000000 3741000.000000
-4832000.000000 -2927000.000000 3746000.000000
-4832000.000000 -2927000.000000 3746000.000000
-4827000.000000 -2930000.000000 3750000.000000
-4827000.000000 -2930000.000000 3750000.000000
-4821000.000000 -2933000.000000 3754000.000000
-4821000.000000 -2933000.000000 3754000.000000
-4816000.000000 -2937000.000000 3759000.000000
-4816000.000000 -2937000.000000 3759000.000000
-4810000.000000 -2940000.000000 3763000.000000
-4810000.000000 -2940000.000000 3763000.000000
-4805000.000000 -2943000.000000 3767000.000000
-4805000.000000 -2943000.000000 3767000.000000
-4800000.000000 -2947000.000000 3772000.000000
-4800000.000000 -2947000.000000 3772000.000000
-4794000.000000 -2950000.000000 3776000.000000
-4794000.000000 -2950000.000000 3776000.000000
-4789000.000000 -2953000.000000 3780000.000000
-4789000.000000 -2953000.000000 3780000.000000
-4783000.000000 -2957000.000000 3784000.000000
-4783000.000000 -2957000.000000 3784000.000000
-4778000.000000 -2960000.000000 3789000.000000
-4778000.000000 -2960000.000000 3789000.000000
-4772000.000000 -2963000.000000 3793000.000000
-4772000.000000 -2963000.000000 3793000.000000
-4767000.000000 -2967000.000000 3797000.000000
-4767000.000000 -2967000.000000 3797000.000000
-4762000.000000 -2970000.000000 3801000.000000
-4762000.000000 -2970000.000000 3801000.000000
-4756000.000000 -2973000.000000 3806000.000000
-4756000.000000 -2973000.000000 3806000.000000
-4751000.000000 -2977000.000000 3810000.000000
-4751000.000000 -2977000.000000 3810000.000000
-4745000.000000 -2980000.000000 3814000.000000
-4745000.000000 -2980000.000000 3814000.000000
-4740000.000000 -2983000.000000 3818000.000000
-4740000.000000 -2983000.000000 3818000.000000
-4734000.000000 -2986000.000000 3823000.000000
-4734000.000000 -2986000.000000 3823000.000000
-4729000.000000 -2990000.000000 3827000.000000
-4729000.000000 -2990000.000000 3827000.000000
-4723000.000000 -2993000.000000 3831000.000000
-4723000.000000 -2993000.000000 3831000.000000
-4718000.000000 -2996000.000000 3835000.000000
-4718000.000000 -2996000.000000 3835000.000000
-4712000.000000 -3000000.000000 3839000.000000
-4712000.000000 -3000000.000000 3839000.000000
-4707000.000000 -3003000.000000 3844000.000000
-4707000.000000 -3003000.000000 3844000.000000
-4701000.000000 -3006000.000000 3848000.000000
-4701000.000000 -3006000.000000 3848000.000000
-4696000.000000 -3009000.000000 3852000.000000
-4696000.000000 -3009000.000000 3852000.000000
-4690000.000000 -3013000.000000 3856000.000000
-4690000.000000 -3013000.000000 3856000.000000
-4685000.000000 -3016000.000000 3860000.000000
-4685000.000000 -3016000.000000 3860000.000000
-4679000.000000 -3019000.000000 3864000.000000
-4679000.000000 -3019000.000000 3864000.000000
-4673000.000000 -3023000.000000 3869000.000000
-4673000.000000 -3023000.000000 3869000.000000
-4668000.000000 -3026000.000000 3873000.000000
-4668000.000000 -3026000.000000 3873000.000000
-4662000.000000 -3029000.000000 3877000.000000
-4662000.000000 -3029000.000000 3877000.000000
-4657000.000000 -3032000.000000 3881000.000000
-4657000.000000 -3032000.000000 3881000.000000
-4651000.000000 -3036000.000000 3885000.000000
-4651000.000000 -3036000.000000 3885000.000000
-4646000.000000 -3039000.000000 3889000.000000
-4646000.000000 -3039000.000000 3889000.000000
-4640000.000000 -3042000.000000 3894000.000000
-4640000.000000 -3042000.000000 3894000.000000
-4634000.000000 -3045000.000000 3898000.000000
-4634000.000000 -3045000.000000 3898000.000000
-4629000.000000 -3048000.000000 3902000.000000
-4629000.000000 -3048000.000000 3902000.000000
-4623000.000000 -3052000.000000 3906000.000000
-4623000.000000 -3052000.000000 3906000.000000
-4618000.000000 -3055000.000000 3910000.000000
-4618000.000000 -3055000.000000 3910000.000000
-4612000.000000 -3058000.000000 3914000.000000
-4612000.000000 -3058000.000000 3914000.000000
-4606000.000000 -3061000.000000 3918000.000000
-4606000.000000 -3061000.000000 3918000.000000
-4601000.000000 -3065000.000000 3922000.000000
-4601000.000000 -3065000.000000 3922000.000000
-4595000.000000 -3068000.000000 3926000.000000
-4595000.000000 -3068000.000000 3926000.000000
-4589000.000000 -3071000.000000 3931000.000000
-4589000.000000 -3071000.000000 3931000.000000
-4584000.000000 -3074000.000000 3935000.000000
-4584000.000000 -3074000.000000 3935000.000000
-4578000.000000 -3077000.000000 3939000.000000
-4578000.000000 -3077000.000000 3939000.000000
-4573000.000000 -3080000.000000 3943000.000000
-4573000.000000 -3080000.000000 3943000.000000
-4567000.000000 -3084000.000000 3947000.000000
-4567000.000000 -3084000.000000 3947000.000000
-4561000.000000 -3087000.000000 3951000.000000
-4561000.000000 -3087000.000000 3951000.000000
-4556000.000000 -3090000.000000 3955000.000000
-4556000.000000 -3090000.000000 3955000.000000
-4550000.000000 -3093000.000000 3959000.000000
-4550000.000000 -3093000.000000 3959000.000000
-4544000.000000 -3096000.000000 3963000.000000
-4544000.000000 -3096000.000000 3963000.000000
-4538000.000000 -3100000.000000 3967000.000000
-4538000.000000 -3100000.000000 3967000.000000
-4533000.000000 -3103000.000000 3971000.000000
-4533000.000000 -3103000.000000 3971000.000000
-4527000.000000 -3106000.000000 3975000.000000
-4527000.000000 -3106000.000000 3975000.000000
-4521000.000000 -3109000.000000 3979000.000000
-4521000.000000 -3109000.000000 3979000.000000
-4516000.000000 -3112000.000000 3983000.000000
-4516000.000000 -3112000.000000 3983000.000000
-4510000.000000 -3115000.000000 3987000.000000
-4510000.000000 -3115000.000000 3987000.000000
-4504000.000000 -3118000.000000 3991000.000000
-4504000.000000 -3118000.000000 3991000.000000
-4498000.000000 -3122000.000000 3995000.000000
-4498000.000000 -3122000.000000 3995000.000000
-4493000.000000 -3125000.000000 3999000.000000
-4493000.000000 -3125000.000000 3999000.000000
-4487000.000000 -3128000.000000 4003000.000000
-4487000.000000 -3128000.000000 4003000.000000
-4481000.000000 -3131000.000000 4007000.000000
-4481000.000000 -3131000.000000 4007000.000000
-4475000.000000 -3134000.000000 4011000.000000
-4475000.000000 -3134000.000000 4011000.000000
-4470000.000000 -3137000.000000 4015000.000000
-4470000.000000 -3137000.000000 4015000.000000
-4464000.000000 -3140000.000000 4019000.000000
-4464000.000000 -3140000.000000 4019000.000000
-4458000.000000 -3143000.000000 4023000.000000
-4458000.000000 -3143000.000000 4023000.000000
-4452000.000000 -3147000.000000 4027000.000000
-4452000.000000 -3147000.000000 4027000.000000
-4447000.000000 -3150000.000000 4031000.000000
-4447000.000000 -3150000.000000 4031000.000000
-4441000.000000 -3153000.000000 4035000.000000
-4441000.000000 -3153000.000000 4035000.000000
-4435000.000000 -3156000.000000 4039000.000000
-4435000.000000 -3156000.000000 4039000.000000
-4429000.000000 -3159000.000000 4043000.000000
-4429000.000000 -3159000.000000 4043000.000000
-4423000.000000 -3162000.000000 4047000.000000
-4423000.000000 -3162000.000000 4047000.000000
-4418000.000000 -3165000.000000 4051000.000000
-4418000.000000 -3165000.000000 4051000.000000
-4412000.000000 -3168000.000000 4055000.000000
-4412000.000000 -3168000.000000 4055000.000000
-4406000.000000 -3171000.000000 4059000.000000
-4406000.000000 -3171000.000000 4059000.000000
-4400000.000000 -3174000.000000 4063000.000000
-4400000.000000 -3174000.000000 4063000.000000
-4394000.000000 -3177000.000000 4067000.000000
-4394000.000000 -3177000.000000 4067000.000000
-4388000.000000 -3180000.000000 4071000.000000
-4388000.000000 -3180000.000000 4071000.000000
-4383000.000000 -3183000.000000 4075000.000000
-4383000.000000 -3183000.000000 4075000.000000
-4377000.000000 -3186000.000000 4078000.000000
-4377000.000000 -3186000.000000 4078000.000000
-4371000.000000 -3190000.000000 4082000.000000
-4371000.000000 -3190000.000000 4082000.000000
-4365000.000000 -3193000.000000 4086000.000000
-4365000.000000 -3193000.000000 4086000.000000
-4359000.000000 -3196000.000000 4090000.000000
-4359000.000000 -3196000.000000 4090000.000000
-4353000.000000 -3199000.000000 4094000.000000
-4353000.000000 -3199000.000000 4094000.000000
-4347000.000000 -3202000.000000 4098000.000000
-4347000.000000 -3202000.000000 4098000.000000
-4341000.000000 -3205000.000000 4102000.000000
-4341000.000000 -3205000.000000 4102000.000000
-4336000.000000 -3208000.000000 4106000.000000
-4336000.000000 -3208000.000000 4106000.000000
-4330000.000000 -3211000.000000 4110000.000000
-4330000.000000 -3211000.000000 4110000.000000
-4324000.000000 -3214000.000000 4113000.000000
-4324000.000000 -3214000.000000 4113000.000000
-4318000.000000 -3217000.000000 4117000.000000
-4318000.000000 -3217000.000000 4117000.000000
-4312000.000000 -3220000.000000 4121000.000000
-4312000.000000 -3220000.000000 4121000.000000
-4306000.000000 -3223000.000000 4125000.000000
-4306000.000000 -3223000.000000 4125000.000000
-4300000.000000 -3226000.000000 4129000.000000
-4300000.000000 -3226000.000000 4129000.000000
-4294000.000000 -3229000.000000 4133000.000000
-4294000.000000 -3229000.000000 4133000.000000
-4288000.000000 -3232000.000000 4136000.000000
-4288000.000000 -3232000.000000 4136000.000000
-4282000.000000 -3235000.000000 4140000.000000
-4282000.000000 -3235000.000000 4140000.000000
-4276000.000000 -3238000.000000 4144000.000000
-4276000.000000 -3238000.000000 4144000.000000
-4270000.000000 -3241000.000000 4148000.000000
-4270000.000000 -3241000.000000 4148000.000000
-4264000.000000 -3244000.000000 4152000.000000
-4264000.000000 -3244000.000000 4152000.000000
-4259000.000000 -3247000.000000 4155000.000000
-4259000.000000 -3247000.000000 4155000.000000
-4253000.000000 -3250000.000000 4159000.000000
-4253000.000000 -3250000.000000 4159000.000000
-4247000.000000 -3253000.000000 4163000.000000
-4247000.000000 -3253000.000000 4163000.000000
-4241000.000000 -3255000.000000 4167000.000000
-4241000.000000 -3255000.000000 4167000.000000
-4235000.000000 -3258000.000000 4171000.000000
-4235000.000000 -3258000.000000 4171000.000000
-4229000.000000 -3261000.000000 4174000.000000
-4229000.000000 -3261000.000000 4174000.000000
-4223000.000000 -3264000.000000 4178000.000000
-4223000.000000 -3264000.000000 4178000.000000
-4217000.000000 -3267000.000000 4182000.000000
-4217000.000000 -3267000.000000 4182000.000000
-4211000.000000 -3270000.000000 4186000.000000
-4211000.000000 -3270000.000000 4186000.000000
-4205000.000000 -3273000.000000 4189000.000000
-4205000.000000 -3273000.000000 4189000.000000
-4199000.000000 -3276000.000000 4193000.000000
-4199000.000000 -3276000.000000 4193000.000000
-4193000.000000 -3279000.000000 4197000.000000
-4193000.000000 -3279000.000000 4197000.000000
-4187000.000000 -3282000.000000 4201000.000000
-4187000.000000 -3282000.000000 4201000.000000
-4180000.000000 -3285000.000000 4204000.000000
-4180000.000000 -3285000.000000 4204000.000000
-4174000.000000 -3288000.000000 4208000.000000
-4174000.000000 -3288000.000000 4208000.000000
-4168000.000000 -3291000.000000 4212000.000000
-4168000.000000 -3291000.000000 4212000.000000
-4162000.000000 -3294000.000000 4216000.000000
-4162000.000000 -3294000.000000 4216000.000000
