0 0.482427 0.004800
0 0.510971 0.000000
0 0.538615 0.000000
0 0.564552 0.004100
0 0.589752 0.008100
0 0.616888 0.004500
0 0.636106 0.000000
0 0.668912 0.010500
0 0.692881 0.003600
0 0.709342 0.002900
0 0.723350 0.000000
0 0.742299 0.003400
0 0.762719 0.003700
0 0.781354 0.003100
0 0.798216 0.006200
0 0.815250 0.003100
0 0.828140 0.000000
0 0.844122 0.004000
0 0.854478 0.016600
0 0.860924 0.002400
0 0.867845 0.000000
0 0.876829 0.000000
0 0.887479 0.004400
0 0.897957 0.009500
0 0.906292 0.005900
0 0.911994 0.003300
0 0.919981 0.002200
0 0.927487 0.000000
0 0.933524 0.002700
0 0.932483 0.008300
0 0.939138 0.003300
0 0.941589 0.000000
0 0.945496 0.007000
0 0.946903 0.004100
0 0.948092 0.002700
0 0.952303 0.000900
0 0.954377 0.000000
0 0.958584 0.000900
0 0.961175 0.001000
0 0.963699 0.000700
0 0.968008 0.003200
0 0.971026 0.006400
0 0.973584 0.000000
0 0.975453 0.000000
0 0.975704 0.003800
0 0.975571 0.000000
0 0.978858 0.000000
0 0.980615 0.000900
0 0.982814 0.001900
0 0.984623 0.004000
0 0.984956 0.000000
0 0.986652 0.000000
0 0.987143 0.001800
0 0.987865 0.000000
0 0.988420 0.000000
0 0.989112 0.000000
0 0.989983 0.002900
0 0.991186 0.008400
0 0.991798 0.001500
0 0.992091 0.000000
0 0.992691 0.000000
0 0.993553 0.003700
0 0.993998 0.003500
0 0.994468 0.004000
0 0.994941 0.005000
0 0.995230 0.000000
0 0.995650 0.000900
0 0.995958 0.001600
0 0.996239 0.001600
0 0.996471 0.000000
0 0.996635 0.000000
0 0.996704 0.004500
0 0.996943 0.000000
0 0.997039 0.000000
0 0.996809 0.001400
0 0.996976 0.000000
0 0.997257 0.000000
0 0.997459 0.003000
0 0.997802 0.004100
0 0.998144 0.002800
0 0.000000 0.000000
0 0.998335 0.000000
0 0.998560 0.000000
0 0.998365 0.001200
0 0.998430 0.000000
1 0.998902 0.009500
1 0.999017 0.000000
1 0.999109 0.004400
1 0.999152 0.000000
1 0.999091 0.001000
1 0.998936 0.000000
1 0.998839 0.000000
1 0.998783 0.000000
1 0.998659 0.001000
0 0.998487 0.000000
0 0.998430 0.001100
0 0.998601 0.000000
1 0.998902 0.001200
1 0.998895 0.000000
1 0.998691 0.000000
0 0.998587 0.000000
1 0.998632 0.001500
1 0.998888 0.000000
1 0.999022 0.000000
1 0.998732 0.000000
0 0.998492 0.001000
0 0.998515 0.000000
0 0.998628 0.000000
0 0.998594 0.000000
0 0.998586 0.000900
0 0.998628 0.000000
1 0.998998 0.006100
1 0.998956 0.001600
1 0.998891 0.004500
1 0.999122 0.003600
1 0.999147 0.000900
1 0.999121 0.000000
1 0.999136 0.000000
1 0.999527 0.002900
1 0.999620 0.003800
1 0.999610 0.000000
1 0.999620 0.000000
1 0.999636 0.002400
1 0.999589 0.000000
1 0.999638 0.000200
1 0.999710 0.003400
1 0.999684 0.000000
1 0.999754 0.005700
1 0.999758 0.001100
1 0.999751 0.000000
1 0.999753 0.006700
1 0.999715 0.004900
1 0.999745 0.002200
1 0.999682 0.003500
1 0.999706 0.000000
1 0.999568 0.006800
1 0.999549 0.001400
1 0.999696 0.000000
1 0.999732 0.000000
1 0.999671 0.000000
1 0.999686 0.000600
1 0.999690 0.000000
1 0.999710 0.000000
1 0.999732 0.000700
1 0.999892 0.003000
1 0.999937 0.000600
1 0.999877 0.001000
1 0.999838 0.000000
1 0.999925 0.000000
1 0.999939 0.003400
1 0.999928 0.000000
1 0.999911 0.003300
1 0.999936 0.003100
1 0.999867 0.000000
1 0.999929 0.000000
1 0.999945 0.003100
1 0.999897 0.003200
1 0.999937 0.000000
1 0.999913 0.000000
1 0.999949 0.000000
1 0.999898 0.001500
1 0.999967 0.000000
1 0.999910 0.002900
1 0.999825 0.004100
1 0.999788 0.002400
1 0.999751 0.000000
1 0.999540 0.000800
1 0.999618 0.001500
1 0.999771 0.006500
1 0.999839 0.000000
1 0.999851 0.003600
1 0.999722 0.000000
1 0.999768 0.000600
1 0.999778 0.001900
1 0.999687 0.001300
1 0.999639 0.007500
1 0.999674 0.000000
1 0.999744 0.000000
1 0.999783 0.000000
1 0.999728 0.001000
1 0.999805 0.000000
1 0.999782 0.000000
1 0.999846 0.007900
1 0.999865 0.000000
1 0.999829 0.003600
1 0.999829 0.000800
1 0.999865 0.000000
1 0.999882 0.000000
1 0.999869 0.000000
1 0.999869 0.000200
1 0.999861 0.001400
1 0.999890 0.000000
1 0.999884 0.000000
1 0.999912 0.000000
1 0.999915 0.000000
1 0.999882 0.004600
1 0.999832 0.000000
1 0.999871 0.000000
1 0.999737 0.008700
1 0.999765 0.001600
1 0.999640 0.006400
1 0.999588 0.002800
1 0.999418 0.007900
1 0.999537 0.000000
1 0.999223 0.002200
1 0.999162 0.000000
1 0.999167 0.001000
1 0.999342 0.000000
1 0.999276 0.004900
1 0.999407 0.000000
1 0.999582 0.000000
1 0.999673 0.000000
1 0.999482 0.002900
1 0.999477 0.000800
1 0.999640 0.002400
1 0.999789 0.003200
1 0.999913 0.006800
1 0.999906 0.001800
1 0.999908 0.001300
1 0.999903 0.001900
1 0.999946 0.001200
1 0.999894 0.002900
1 0.999907 0.004900
1 0.999955 0.000000
1 0.999947 0.000000
1 0.999922 0.000000
1 0.999891 0.000800
1 0.999864 0.000000
1 0.999855 0.000000
1 0.999673 0.001000
1 0.999693 0.001800
1 0.999670 0.000000
1 0.999681 0.002600
1 0.999630 0.001100
1 0.999645 0.001200
1 0.999788 0.003300
1 0.999881 0.000000
1 0.999796 0.002500
1 0.999796 0.000000
1 0.999659 0.000000
1 0.999751 0.000000
1 0.999891 0.008800
1 0.999905 0.000000
1 0.999946 0.003200
1 0.999907 0.002800
1 0.999917 0.002900
1 0.999914 0.000000
1 0.999896 0.000000
1 0.999853 0.000000
1 0.999755 0.000000
1 0.999778 0.002400
1 0.999673 0.004000
1 0.999795 0.001400
1 0.999736 0.000000
1 0.999739 0.000800
1 0.999784 0.000000
1 0.999903 0.001100
1 0.999876 0.000300
1 0.999833 0.001200
1 0.999857 0.000000
1 0.999930 0.000000
1 0.999895 0.000000
1 0.999893 0.000000
1 0.999823 0.004800
1 0.999912 0.002100
1 0.999986 0.001500
1 0.999955 0.000000
1 0.999943 0.000000
1 0.999939 0.000000
1 0.999926 0.001800
1 0.999902 0.003500
1 0.999804 0.001200
1 0.999866 0.000000
1 0.999809 0.000000
1 0.999835 0.001900
1 0.999716 0.004200
1 0.999725 0.004400
1 0.999772 0.000000
1 0.999692 0.000200
1 0.999543 0.004000
1 0.999502 0.000000
1 0.999648 0.000000
1 0.999457 0.000000
1 0.999360 0.001100
1 0.999420 0.002600
1 0.999496 0.001400
1 0.999449 0.004000
1 0.999240 0.006100
1 0.999016 0.003700
1 0.999080 0.000000
1 0.999220 0.000700
1 0.999396 0.000000
1 0.999249 0.000000
1 0.999115 0.002900
1 0.999051 0.000000
1 0.998936 0.000000
1 0.998960 0.000000
1 0.998955 0.001300
1 0.999247 0.004400
1 0.999245 0.000000
1 0.999335 0.000000
1 0.999471 0.005500
1 0.999294 0.000000
1 0.999440 0.007600
1 0.999478 0.001100
1 0.999473 0.001300
1 0.999572 0.004200
1 0.999629 0.003100
1 0.999694 0.004300
1 0.999646 0.000000
1 0.999725 0.001900
1 0.999748 0.001400
1 0.999775 0.002000
1 0.999769 0.002700
1 0.999697 0.003200
1 0.999703 0.001600
1 0.999660 0.002400
1 0.999612 0.000000
1 0.999425 0.000000
1 0.999480 0.001600
1 0.999490 0.000000
1 0.999286 0.002000
1 0.999366 0.000000
1 0.999235 0.002600
1 0.999332 0.003800
1 0.999285 0.006800
1 0.999318 0.000800
1 0.999370 0.000100
1 0.999448 0.000800
1 0.999514 0.001400
1 0.999416 0.006300
1 0.999388 0.000000
1 0.999513 0.000000
1 0.999541 0.000000
1 0.999428 0.001400
1 0.999518 0.002300
1 0.999629 0.004800
1 0.999592 0.000000
1 0.999704 0.002400
1 0.999676 0.005900
1 0.999700 0.001100
1 0.999689 0.000000
1 0.999587 0.000000
1 0.999534 0.000000
1 0.999532 0.001800
1 0.999540 0.000000
1 0.999592 0.000000
1 0.999403 0.004800
1 0.999292 0.000600
1 0.999401 0.000000
1 0.999281 0.000000
1 0.998946 0.003500
1 0.998962 0.001600
1 0.998902 0.003600
1 0.999009 0.000000
1 0.999007 0.000000
1 0.998954 0.000000
1 0.999290 0.007500
1 0.999248 0.000000
1 0.999423 0.005800
1 0.999468 0.000000
1 0.999490 0.000000
1 0.999382 0.001500
1 0.999437 0.001900
1 0.999506 0.000000
1 0.999545 0.000000
1 0.999423 0.000000
1 0.999449 0.000000
1 0.999570 0.003700
1 0.999511 0.001700
1 0.999477 0.000000
1 0.999463 0.000000
1 0.999592 0.008300
1 0.999689 0.001300
1 0.999664 0.001000
1 0.999664 0.009700
1 0.999701 0.000700
1 0.999713 0.003300
1 0.999724 0.001000
1 0.999689 0.004200
1 0.999734 0.001300
1 0.999774 0.000000
1 0.999793 0.004000
1 0.999821 0.000000
1 0.999801 0.000000
1 0.999815 0.000900
1 0.999807 0.000000
1 0.999817 0.000000
1 0.999836 0.000000
1 0.999814 0.001400
1 0.999843 0.001300
1 0.999877 0.000100
1 0.999829 0.003300
1 0.999866 0.003800
1 0.999871 0.000600
1 0.999890 0.000000
1 0.999883 0.000000
1 0.999887 0.002700
1 0.999921 0.008900
1 0.999893 0.002600
1 0.999871 0.000000
1 0.999681 0.004000
1 0.999655 0.000400
1 0.999667 0.000000
1 0.999525 0.003400
1 0.999465 0.002000
1 0.999230 0.007300
1 0.999169 0.000000
1 0.999307 0.000300
1 0.999276 0.000900
1 0.999262 0.000000
1 0.999197 0.000900
1 0.999314 0.000000
1 0.999481 0.001600
1 0.999448 0.001600
1 0.999330 0.000000
1 0.999146 0.000800
1 0.999341 0.000000
1 0.999348 0.003300
1 0.999165 0.003000
1 0.999165 0.002400
1 0.999013 0.002800
1 0.998967 0.000000
1 0.998939 0.000000
0 0.998533 0.003900
1 0.998649 0.000000
1 0.999046 0.009500
1 0.999194 0.000000
1 0.999381 0.004600
1 0.999285 0.002300
1 0.999267 0.000000
1 0.999107 0.000000
1 0.998850 0.002600
1 0.998704 0.001400
1 0.998679 0.000000
0 0.998416 0.002700
0 0.998328 0.000300
0 0.998321 0.000000
0 0.998210 0.000000
0 0.998446 0.000500
0 0.998433 0.000000
1 0.998654 0.000000
0 0.998533 0.000000
0 0.998483 0.000000
1 0.998853 0.001700
1 0.998853 0.000000
0 0.998501 0.002800
0 0.998398 0.003800
0 0.998592 0.004100
0 0.998546 0.000000
0 0.998307 0.002800
0 0.998249 0.000000
0 0.998121 0.001600
0 0.997959 0.005300
0 0.998226 0.002000
0 0.998491 0.001600
0 0.998596 0.000000
0 0.998286 0.003700
0 0.998508 0.000000
0 0.998362 0.000000
0 0.998266 0.000000
0 0.997746 0.000900
0 0.997944 0.001300
0 0.997956 0.000000
0 0.998275 0.000000
0 0.998592 0.000000
0 0.998467 0.000000
1 0.998700 0.000000
0 0.998474 0.000000
0 0.998604 0.000000
1 0.998664 0.001600
1 0.998720 0.000000
1 0.998647 0.000000
1 0.998764 0.000000
1 0.998778 0.001600
1 0.998680 0.003500
1 0.998739 0.002000
1 0.998841 0.000000
1 0.999047 0.004700
1 0.999116 0.000000
1 0.999038 0.000000
1 0.999190 0.007400
1 0.999221 0.002100
1 0.999271 0.001800
1 0.999345 0.003000
1 0.999351 0.000000
1 0.999429 0.003300
1 0.999418 0.000000
1 0.999472 0.009100
1 0.999477 0.001500
1 0.999524 0.005200
1 0.999532 0.000000
1 0.999566 0.000000
1 0.999653 0.000000
1 0.999632 0.001700
1 0.999646 0.003500
1 0.999681 0.000400
1 0.999686 0.002300
1 0.999677 0.000000
1 0.999713 0.002800
1 0.999730 0.003800
1 0.999736 0.001500
1 0.999763 0.003000
1 0.999743 0.004300
1 0.999728 0.002700
1 0.999738 0.000000
1 0.999516 0.003700
1 0.999481 0.001700
1 0.999698 0.000000
1 0.999617 0.001000
1 0.999751 0.000000
1 0.999698 0.002000
1 0.999548 0.008500
1 0.999448 0.003500
1 0.999584 0.000500
1 0.999589 0.000000
1 0.999508 0.003600
1 0.999650 0.001700
1 0.999844 0.005000
1 0.999900 0.003600
1 0.999905 0.002900
1 0.999941 0.001400
1 0.999948 0.000000
1 0.999959 0.002400
1 0.999952 0.002000
1 0.999885 0.000000
1 0.999924 0.000700
1 0.999900 0.001200
1 0.999935 0.003500
1 0.999931 0.003600
1 0.999927 0.002500
1 0.999910 0.000000
1 0.999930 0.004000
1 0.999983 0.000000
1 0.999950 0.001100
1 0.999940 0.000000
1 0.999960 0.000200
1 0.999940 0.002200
1 0.999931 0.000000
1 0.999961 0.001900
1 0.999892 0.003100
1 0.999758 0.000000
1 0.999721 0.000000
1 0.999865 0.001400
1 0.999868 0.000000
1 0.999796 0.000000
1 0.999582 0.003400
1 0.999619 0.000000
1 0.999706 0.000000
1 0.999855 0.003300
1 0.999930 0.006400
1 0.999937 0.000000
1 0.999846 0.003200
1 0.999847 0.000000
1 0.999845 0.002000
1 0.999833 0.000000
1 0.999918 0.002800
1 0.999906 0.002300
1 0.999925 0.000000
1 0.999918 0.000000
1 0.999922 0.002800
1 0.999927 0.000000
1 0.999877 0.001400
1 0.999791 0.000000
1 0.999843 0.000000
1 0.999933 0.000000
1 0.999863 0.000000
1 0.999885 0.000000
1 0.999909 0.000000
1 0.999909 0.003000
1 0.999858 0.002600
1 0.999820 0.002500
1 0.999818 0.000000
1 0.999780 0.003800
1 0.999861 0.000000
1 0.999903 0.000000
1 0.999882 0.004200
1 0.999874 0.000000
1 0.999863 0.001600
1 0.999882 0.000000
1 0.999900 0.001600
1 0.999859 0.000000
1 0.999893 0.003200
1 0.999923 0.001000
1 0.999942 0.008100
1 0.999900 0.006900
1 0.999890 0.001300
1 0.999824 0.000000
1 0.999869 0.002300
1 0.999877 0.003600
1 0.999894 0.002700
1 0.999861 0.000000
1 0.999917 0.000000
1 0.999915 0.001000
1 0.999894 0.000500
1 0.999907 0.000000
1 0.999944 0.000000
1 0.999914 0.001200
1 0.999897 0.000700
1 0.999887 0.000600
1 0.999812 0.001500
1 0.999699 0.001300
1 0.999737 0.000000
1 0.999856 0.006000
0 0.000000 0.002900
1 0.999804 0.000000
1 0.999806 0.002000
1 0.999809 0.000000
1 0.999805 0.000000
1 0.999696 0.001100
1 0.999751 0.002400
1 0.999831 0.000000
1 0.999854 0.003600
1 0.999870 0.000800
1 0.999810 0.000000
1 0.999780 0.001000
1 0.999832 0.003500
1 0.999860 0.001000
1 0.999857 0.000000
1 0.999841 0.000000
1 0.999803 0.000000
1 0.999850 0.002500
1 0.999861 0.001300
1 0.999856 0.001300
1 0.999772 0.006400
1 0.999636 0.004000
1 0.999730 0.002200
1 0.999803 0.000000
1 0.999853 0.000700
1 0.999852 0.004700
1 0.999893 0.003200
1 0.999899 0.007300
1 0.999882 0.000000
1 0.999873 0.001000
1 0.999874 0.000000
1 0.999858 0.000000
1 0.999887 0.002700
1 0.999917 0.003100
1 0.999912 0.002100
1 0.999933 0.006500
1 0.999869 0.000800
1 0.999899 0.000000
1 0.999906 0.000200
1 0.999908 0.001100
1 0.999893 0.002400
1 0.999911 0.002900
1 0.999880 0.005300
1 0.999916 0.000000
1 0.999912 0.000900
1 0.999875 0.000000
1 0.999946 0.004100
1 0.999884 0.002600
1 0.999902 0.000000
1 0.999842 0.002200
1 0.999847 0.000000
1 0.999880 0.001700
1 0.999921 0.001800
1 0.999927 0.003600
1 0.999958 0.002300
1 0.999933 0.004900
1 0.999936 0.000200
1 0.999942 0.000000
1 0.999902 0.003600
1 0.999892 0.001300
1 0.999900 0.001100
1 0.999961 0.002700
1 0.999887 0.000000
1 0.999892 0.001900
1 0.999884 0.001100
1 0.999881 0.001900
1 0.999915 0.000000
1 0.999900 0.001900
1 0.999845 0.008300
1 0.999754 0.002300
1 0.999603 0.003500
1 0.999576 0.002300
1 0.999318 0.001500
1 0.999393 0.000000
1 0.999593 0.000000
1 0.999564 0.001700
1 0.999473 0.000000
1 0.999270 0.001300
1 0.999314 0.000000
1 0.999541 0.003400
1 0.999706 0.000000
1 0.999796 0.000900
1 0.999788 0.001600
1 0.999827 0.000000
1 0.999881 0.004100
1 0.999892 0.003600
1 0.999864 0.000000
1 0.999865 0.001300
1 0.999880 0.000000
1 0.999895 0.002800
1 0.999870 0.000000
1 0.999881 0.003200
1 0.999890 0.002700
1 0.999869 0.002700
1 0.999804 0.003400
1 0.999875 0.000000
1 0.999860 0.000000
1 0.999911 0.000000
1 0.999913 0.000000
1 0.999910 0.000000
1 0.999871 0.001200
1 0.999932 0.006100
1 0.999902 0.000000
1 0.999929 0.000000
1 0.999842 0.000000
1 0.999919 0.001900
1 0.999861 0.000000
1 0.999910 0.001100
1 0.999935 0.000000
1 0.999955 0.005100
1 0.999939 0.001500
1 0.999924 0.001300
1 0.999890 0.004600
1 0.999801 0.000000
1 0.999823 0.000000
1 0.999672 0.002700
1 0.999717 0.000000
1 0.999540 0.004000
1 0.999509 0.000000
1 0.999749 0.000000
1 0.999840 0.005100
1 0.999864 0.000000
1 0.999817 0.002600
1 0.999828 0.000000
1 0.999710 0.003400
1 0.999670 0.003300
1 0.999497 0.007400
1 0.999490 0.000500
1 0.999557 0.000000
1 0.999671 0.000800
1 0.999597 0.004500
1 0.999469 0.000000
1 0.999487 0.005800
1 0.999328 0.006200
1 0.999428 0.004000
1 0.999639 0.001500
1 0.999746 0.000000
1 0.999833 0.000600
1 0.999882 0.002200
1 0.999877 0.000000
1 0.999876 0.001900
1 0.999888 0.001500
1 0.999888 0.000300
1 0.999925 0.000200
1 0.999868 0.001400
1 0.999950 0.000000
1 0.999946 0.001100
1 0.999923 0.000900
1 0.999900 0.000900
1 0.999914 0.000000
1 0.999942 0.000000
1 0.999955 0.001800
1 0.999956 0.000000
1 0.999926 0.001800
1 0.999900 0.005500
1 0.999926 0.000000
1 0.999960 0.004400
1 0.999941 0.005800
1 0.999943 0.000000
1 0.999936 0.001400
1 0.999947 0.000000
1 0.999884 0.000000
1 0.999770 0.002100
1 0.999648 0.000000
1 0.999488 0.000000
1 0.999479 0.000000
1 0.999709 0.006600
1 0.999711 0.000000
1 0.999383 0.003300
1 0.999247 0.005700
1 0.999217 0.000000
1 0.999345 0.000000
1 0.999629 0.003400
1 0.999651 0.000000
1 0.999757 0.008200
1 0.999784 0.002200
1 0.999774 0.000000
1 0.999738 0.000000
1 0.999821 0.002600
1 0.999832 0.000000
1 0.999865 0.004000
1 0.999868 0.001200
1 0.999861 0.000000
1 0.999767 0.001000
1 0.999735 0.000000
1 0.999683 0.001000
1 0.999585 0.000000
1 0.999629 0.000000
1 0.999414 0.001000
1 0.999321 0.001200
1 0.999482 0.000000
1 0.999540 0.000000
1 0.999476 0.002000
1 0.999364 0.004200
1 0.999453 0.000000
1 0.999307 0.000900
1 0.999396 0.000900
1 0.999573 0.000000
0 0.000000 0.003600
1 0.999534 0.000000
1 0.999582 0.000000
1 0.999567 0.003800
1 0.999541 0.000900
1 0.999679 0.000500
1 0.999672 0.000000
1 0.999646 0.001300
1 0.999614 0.001600
1 0.999683 0.000000
1 0.999647 0.001000
1 0.999645 0.000000
1 0.999780 0.001300
1 0.999682 0.000000
1 0.999723 0.000000
1 0.999737 0.001800
1 0.999771 0.004600
1 0.999761 0.000000
1 0.999716 0.003900
1 0.999743 0.000000
1 0.999692 0.000900
1 0.999621 0.002000
1 0.999592 0.000000
1 0.999622 0.000000
1 0.999383 0.003800
1 0.999449 0.000000
1 0.999303 0.001800
1 0.999078 0.006800
1 0.999291 0.001900
1 0.999392 0.001300
1 0.999317 0.002300
1 0.999496 0.000000
1 0.999535 0.001800
1 0.999669 0.000000
1 0.999591 0.004500
1 0.999676 0.000000
1 0.999538 0.000000
1 0.999579 0.001900
1 0.999580 0.000000
1 0.999540 0.001800
1 0.999601 0.003900
1 0.999567 0.000000
1 0.999559 0.000000
1 0.999216 0.003700
1 0.999273 0.000000
1 0.999170 0.001900
1 0.999105 0.000000
1 0.998995 0.000000
1 0.999198 0.010400
1 0.999269 0.000000
1 0.999392 0.000000
1 0.999317 0.000000
1 0.999383 0.000000
1 0.999152 0.000000
1 0.999342 0.003500
1 0.999366 0.002600
1 0.999451 0.009100
1 0.999573 0.002900
1 0.999623 0.003000
1 0.999625 0.000000
1 0.999642 0.002200
1 0.999644 0.003600
1 0.999659 0.000000
1 0.999693 0.000000
1 0.999730 0.001900
1 0.999752 0.006800
1 0.999793 0.000000
1 0.999734 0.000000
1 0.999687 0.000000
1 0.999661 0.002500
1 0.999703 0.000000
1 0.999730 0.000000
1 0.999767 0.003500
1 0.999775 0.002700
1 0.999751 0.001900
1 0.999818 0.000000
1 0.999813 0.002100
1 0.999887 0.000900
1 0.999850 0.000000
1 0.999825 0.000000
1 0.999861 0.001100
1 0.999889 0.003800
1 0.999876 0.000000
1 0.999857 0.007500
1 0.999868 0.000000
1 0.999852 0.001800
1 0.999749 0.003100
1 0.999577 0.002600
1 0.999490 0.000900
1 0.999520 0.002500
1 0.999531 0.000000
1 0.999575 0.000000
1 0.999635 0.000000
1 0.999715 0.001000
1 0.999613 0.000000
1 0.999668 0.001600
1 0.999615 0.000000
1 0.999735 0.001100
1 0.999773 0.000000
1 0.999645 0.001200
1 0.999726 0.002200
1 0.999763 0.000000
1 0.999746 0.000000
1 0.999629 0.006800
1 0.999515 0.001100
1 0.999588 0.000000
1 0.999689 0.004200
1 0.999700 0.000400
1 0.999657 0.000000
1 0.999648 0.000000
1 0.999732 0.002000
1 0.999637 0.003900
1 0.999488 0.000000
1 0.999707 0.001200
1 0.999602 0.000700
1 0.999728 0.000000
1 0.999698 0.000000
1 0.999745 0.001500
1 0.999705 0.005000
1 0.999612 0.000900
1 0.999583 0.000900
1 0.999563 0.002300
1 0.999463 0.000000
1 0.999345 0.000000
1 0.999363 0.001300
1 0.999093 0.000000
1 0.999452 0.003700
1 0.999396 0.000000
1 0.999547 0.001500
1 0.999521 0.000000
1 0.999439 0.000000
1 0.999619 0.000000
1 0.999740 0.003100
1 0.999700 0.003900
1 0.999757 0.002600
1 0.999762 0.000000
1 0.999760 0.004200
1 0.999780 0.000000
1 0.999771 0.000000
1 0.999812 0.002500
1 0.999810 0.000000
1 0.999811 0.005300
1 0.999828 0.008100
1 0.999862 0.000000
1 0.999819 0.000000
1 0.999843 0.002100
1 0.999829 0.007900
1 0.999738 0.000000
1 0.999710 0.001200
1 0.999665 0.002400
1 0.999597 0.002500
1 0.999526 0.000000
1 0.999362 0.000000
1 0.999418 0.000000
1 0.999482 0.000000
1 0.999588 0.000000
1 0.999554 0.000000
1 0.999712 0.008000
1 0.999758 0.000000
1 0.999669 0.004600
1 0.999723 0.004200
1 0.999743 0.000000
1 0.999764 0.000000
1 0.999787 0.000000
1 0.999782 0.000400
1 0.999736 0.000000
1 0.999744 0.001500
1 0.999721 0.000000
1 0.999799 0.000000
1 0.999824 0.001000
1 0.999845 0.000000
1 0.999768 0.000000
1 0.999799 0.000000
1 0.999823 0.003200
1 0.999831 0.001100
1 0.999858 0.001700
1 0.999835 0.003700
1 0.999896 0.001700
1 0.999883 0.000000
1 0.999849 0.002300
1 0.999844 0.005900
1 0.999818 0.000000
1 0.999744 0.000000
1 0.999778 0.000000
1 0.999815 0.000000
1 0.999868 0.000000
1 0.999843 0.000000
1 0.999874 0.000000
1 0.999872 0.004800
1 0.999904 0.003300
1 0.999916 0.003600
1 0.999870 0.002300
1 0.999913 0.000000
1 0.999886 0.001400
1 0.999896 0.000300
1 0.999927 0.003700
1 0.999934 0.000000
1 0.999874 0.000900
1 0.999807 0.000000
1 0.999903 0.001500
1 0.999870 0.003000
1 0.999874 0.000000
1 0.999927 0.000000
1 0.999919 0.000900
1 0.999851 0.000000
1 0.999857 0.001600
1 0.999886 0.001200
1 0.999823 0.002600
1 0.999852 0.000000
1 0.999765 0.000000
1 0.999684 0.000000
1 0.999739 0.002400
1 0.999748 0.000000
1 0.999896 0.003100
1 0.999900 0.000000
1 0.999894 0.000900
1 0.999821 0.003300
1 0.999809 0.000000
1 0.999805 0.000600
1 0.999814 0.000000
1 0.999888 0.000000
1 0.999885 0.002900
1 0.999886 0.000000
1 0.999830 0.002600
1 0.999786 0.000000
1 0.999627 0.005700
1 0.999644 0.000800
1 0.999636 0.001200
1 0.999581 0.002800
1 0.999438 0.002100
1 0.999385 0.000000
1 0.999187 0.002400
1 0.999054 0.002700
1 0.998848 0.002400
1 0.998820 0.000000
0 0.998490 0.005400
1 0.998676 0.001000
0 0.998416 0.001700
0 0.998178 0.001000
0 0.998314 0.000000
1 0.998675 0.001600
0 0.998590 0.001600
0 0.998407 0.000000
0 0.998317 0.000000
0 0.998145 0.002800
0 0.998149 0.000000
0 0.998510 0.003100
1 0.998737 0.000000
1 0.998911 0.002900
1 0.999097 0.004600
1 0.999108 0.000000
1 0.998919 0.000000
1 0.998968 0.000000
1 0.999186 0.004300
1 0.999122 0.001700
1 0.998961 0.006000
1 0.998838 0.003600
1 0.999013 0.001800
1 0.999098 0.000000
1 0.999130 0.001700
1 0.999095 0.000000
1 0.998734 0.003600
1 0.998808 0.001700
1 0.998993 0.000000
1 0.999035 0.000000
1 0.998943 0.000000
1 0.998923 0.000000
1 0.999155 0.003700
1 0.999255 0.004100
1 0.999268 0.000000
1 0.999365 0.002400
1 0.999382 0.000000
1 0.999389 0.002500
1 0.999359 0.000600
1 0.999374 0.000000
1 0.999487 0.000000
1 0.999541 0.006700
1 0.999518 0.004200
1 0.999568 0.000000
1 0.999563 0.000000
1 0.999592 0.002200
1 0.999537 0.000000
1 0.999512 0.000000
1 0.999271 0.005300
1 0.999340 0.002000
1 0.999348 0.000000
1 0.999584 0.001600
1 0.999604 0.002000
1 0.999496 0.001200
1 0.999611 0.002500
1 0.999651 0.006300
1 0.999723 0.003300
1 0.999735 0.000200
1 0.999717 0.000000
1 0.999724 0.001300
1 0.999711 0.001200
1 0.999701 0.000300
1 0.999766 0.000000
1 0.999844 0.001200
1 0.999813 0.000000
1 0.999801 0.000000
1 0.999786 0.000400
1 0.999812 0.000000
1 0.999842 0.000000
1 0.999886 0.000000
1 0.999829 0.000900
1 0.999834 0.001500
1 0.999820 0.000000
1 0.999771 0.003000
1 0.999795 0.000000
1 0.999764 0.000000
1 0.999741 0.000000
1 0.999597 0.003700
1 0.999513 0.005800
1 0.999530 0.000000
1 0.999781 0.003300
1 0.999873 0.003100
1 0.999898 0.001400
1 0.999935 0.003000
1 0.999938 0.000000
1 0.999961 0.006300
1 0.999962 0.002400
1 0.999984 0.000600
1 0.999947 0.000000
1 0.999977 0.001200
1 0.999951 0.000100
1 0.999931 0.000000
1 0.999910 0.000000
1 0.999942 0.003100
1 0.999899 0.000000
1 0.999939 0.002600
1 0.999953 0.000000
1 0.999965 0.001500
1 0.999932 0.000000
1 0.999967 0.001600
1 0.999965 0.003900
1 0.999939 0.001100
1 0.999989 0.000000
1 0.999962 0.001100
1 0.999967 0.003900
1 0.999962 0.001200
1 0.999927 0.000700
1 0.999962 0.000000
1 0.999919 0.000000
1 0.999938 0.001000
1 0.999947 0.001400
1 0.999951 0.002800
1 0.999855 0.000900
1 0.999896 0.000400
1 0.999947 0.001400
1 0.999924 0.001600
1 0.999944 0.000000
1 0.999898 0.000000
1 0.999935 0.000000
1 0.999903 0.000000
1 0.999849 0.001200
1 0.999918 0.002200
1 0.999883 0.001500
1 0.999901 0.002800
1 0.999905 0.000000
1 0.999887 0.000000
1 0.999868 0.000000
1 0.999939 0.003300
1 0.999905 0.000000
1 0.999888 0.003600
1 0.999909 0.000000
1 0.999890 0.000000
1 0.999891 0.004400
1 0.999843 0.010100
1 0.999839 0.007900
1 0.999860 0.001400
1 0.999910 0.000000
1 0.999927 0.000000
1 0.999944 0.000000
1 0.999851 0.000000
1 0.999923 0.000000
1 0.999804 0.007600
1 0.999827 0.000000
1 0.999856 0.000000
1 0.999848 0.000000
1 0.999832 0.000900
1 0.999904 0.000000
1 0.999932 0.007400
1 0.999899 0.011100
1 0.999916 0.000000
1 0.999919 0.000000
1 0.999920 0.000000
1 0.999887 0.001400
1 0.999929 0.001200
1 0.999927 0.000000
1 0.999948 0.000000
1 0.999893 0.000000
1 0.999865 0.000000
1 0.999929 0.003300
1 0.999919 0.000000
1 0.999904 0.000000
1 0.999892 0.000000
1 0.999866 0.006900
1 0.999905 0.002200
1 0.999871 0.003300
1 0.999921 0.000000
1 0.999907 0.000000
1 0.999899 0.000000
1 0.999947 0.000000
1 0.999947 0.000000
1 0.999924 0.000000
1 0.999802 0.000000
1 0.999761 0.001000
1 0.999819 0.002500
1 0.999814 0.000000
1 0.999895 0.000300
1 0.999804 0.000000
1 0.999810 0.000000
1 0.999686 0.000000
1 0.999609 0.000000
1 0.999713 0.001500
1 0.999694 0.000000
1 0.999468 0.001500
1 0.999533 0.000300
1 0.999623 0.001000
1 0.999606 0.000000
1 0.999445 0.000000
1 0.999468 0.001700
1 0.999523 0.000400
1 0.999492 0.000600
1 0.999283 0.001300
1 0.999431 0.000000
1 0.999185 0.000000
1 0.999182 0.001700
1 0.999028 0.000000
1 0.998990 0.000800
1 0.998923 0.001000
1 0.998785 0.001100
1 0.998700 0.000000
1 0.998712 0.001400
1 0.998946 0.003500
1 0.999013 0.002100
1 0.999132 0.000000
1 0.999109 0.001700
1 0.999030 0.001000
1 0.999077 0.000000
1 0.999212 0.000000
1 0.999241 0.001600
1 0.999064 0.003300
1 0.998810 0.003100
1 0.998861 0.000000
1 0.998919 0.000000
1 0.998736 0.000000
1 0.998934 0.000000
1 0.999056 0.000000
1 0.999052 0.001500
1 0.999011 0.003100
1 0.999091 0.002200
1 0.999172 0.006700
1 0.999248 0.000000
1 0.999237 0.000000
1 0.999188 0.002100
1 0.999289 0.000000
1 0.999426 0.000000
1 0.999435 0.000000
1 0.999292 0.005700
1 0.999297 0.000000
1 0.999469 0.007200
1 0.999519 0.000000
1 0.999506 0.000800
1 0.999582 0.000000
1 0.999594 0.000000
1 0.999636 0.002300
1 0.999525 0.005700
1 0.999510 0.001100
1 0.999580 0.002100
1 0.999648 0.000000
1 0.999655 0.000500
1 0.999643 0.000000
1 0.999520 0.003500
1 0.999493 0.001900
1 0.999325 0.000000
1 0.999400 0.000000
1 0.999564 0.006500
1 0.999631 0.004600
1 0.999627 0.000000
1 0.999666 0.000000
1 0.999598 0.000800
1 0.999646 0.001900
1 0.999586 0.000000
1 0.999650 0.000000
1 0.999610 0.000000
1 0.999524 0.000000
1 0.999684 0.005700
1 0.999729 0.001400
1 0.999748 0.001600
1 0.999649 0.003000
1 0.999642 0.000000
