0 0.000000
0 0.000000
0 0.000000
0 -0.733458
0 -0.725851
0 -0.707704
0 -0.692555
0 -0.670045
0 -0.649465
0 -0.626300
0 -0.602075
0 -0.578353
0 -0.553345
0 -0.525219
0 -0.504230
0 -0.469212
0 -0.442689
0 -0.413025
0 -0.381281
0 -0.344312
0 -0.309101
0 -0.275936
0 -0.241629
0 -0.202172
0 -0.165011
0 -0.131156
0 -0.096323
0 -0.059838
0 -0.026413
0 0.014185
0 0.047586
0 0.086064
0 0.129053
0 0.152360
0 0.193427
0 0.217747
0 0.260467
0 0.298193
0 0.320089
0 0.364015
0 0.392877
0 0.423995
0 0.451597
0 0.477377
0 0.503017
0 0.534108
0 0.549525
0 0.583927
0 0.606170
0 0.632804
0 0.650340
0 0.671461
0 0.689200
0 0.705822
0 0.722323
0 0.738730
0 0.758052
0 0.769599
0 0.786277
0 0.802384
0 0.814868
0 0.826368
0 0.839836
0 0.850849
0 0.859191
0 0.866106
0 0.875590
0 0.883759
0 0.892067
0 0.901581
0 0.908430
0 0.916601
0 0.922446
0 0.927790
0 0.933111
0 0.936943
0 0.941758
0 0.946090
0 0.948763
0 0.953203
0 0.956325
0 0.958908
0 0.962524
0 0.965149
0 0.968612
0 0.970936
0 0.972795
0 0.975489
0 0.978040
0 0.979137
0 0.980141
0 0.980888
0 0.981584
0 0.984031
0 0.985462
0 0.986196
0 0.986935
0 0.987596
0 0.989269
0 0.990065
0 0.991077
0 0.992403
0 0.992983
0 0.993567
0 0.994230
0 0.995089
0 0.995346
0 0.995625
0 0.995948
0 0.996480
0 0.996664
0 0.996832
0 0.997060
0 0.997373
0 0.997631
0 0.997685
0 0.998177
0 0.998621
1 0.998728
1 0.998922
1 0.998960
1 0.999132
1 0.999243
1 0.999360
1 0.999341
1 0.999328
1 0.999357
1 0.999241
1 0.999134
1 0.999001
1 0.998797
1 0.999055
1 0.999285
1 0.999485
1 0.999772
1 0.999791
1 0.999677
1 0.999734
1 0.999645
1 0.999577
1 0.999357
1 0.999392
1 0.999349
1 0.999655
1 0.999806
1 0.999839
1 0.999712
1 0.999564
1 0.999727
1 0.999734
1 0.999800
1 0.999778
1 0.999729
1 0.999646
1 0.999705
1 0.999779
1 0.999532
1 0.999391
1 0.999074
1 0.998723
0 0.998429
1 0.998879
1 0.999163
1 0.999308
1 0.999443
1 0.999354
1 0.999317
1 0.999413
1 0.999441
1 0.999428
1 0.999405
1 0.999617
1 0.999696
1 0.999680
1 0.999723
1 0.999629
1 0.999620
1 0.999713
1 0.999701
1 0.999630
1 0.999636
1 0.999666
1 0.999623
1 0.999677
1 0.999656
1 0.999643
1 0.999615
1 0.999537
1 0.999565
1 0.999550
1 0.999528
1 0.999344
1 0.999614
1 0.999612
1 0.999624
1 0.999662
1 0.999606
1 0.999555
1 0.999540
1 0.999609
1 0.999574
1 0.999625
1 0.999617
1 0.999549
1 0.999624
1 0.999594
1 0.999659
1 0.999629
1 0.999618
1 0.999649
1 0.999616
1 0.999622
1 0.999662
1 0.999619
1 0.999607
1 0.999519
1 0.999516
1 0.999524
1 0.999403
1 0.999391
1 0.999221
1 0.999138
1 0.999273
1 0.999234
1 0.999167
1 0.999395
1 0.999455
1 0.999483
1 0.999463
1 0.999312
1 0.999294
1 0.999415
1 0.999578
1 0.999582
1 0.999505
1 0.999605
1 0.999573
1 0.999558
1 0.999488
1 0.999381
1 0.999192
1 0.999284
1 0.999469
1 0.999313
1 0.999406
1 0.999510
1 0.999585
1 0.999532
1 0.999472
1 0.999447
1 0.999417
1 0.999527
1 0.999499
1 0.999518
1 0.999465
1 0.999544
1 0.999476
1 0.999502
1 0.999461
1 0.999450
1 0.999522
1 0.999449
1 0.999338
1 0.999169
1 0.999044
1 0.998822
0 0.998489
1 0.998930
1 0.999085
1 0.999298
1 0.999383
1 0.999299
1 0.999094
1 0.998858
1 0.998997
1 0.998980
1 0.999172
1 0.999298
1 0.999126
1 0.998774
1 0.998667
1 0.998901
1 0.998930
1 0.999121
1 0.999226
1 0.999192
1 0.999224
1 0.999272
1 0.999253
1 0.999227
1 0.999128
1 0.998983
1 0.999222
1 0.999315
1 0.999323
1 0.999403
1 0.999322
1 0.999067
1 0.999142
1 0.999152
1 0.998993
1 0.999114
1 0.999131
1 0.999073
1 0.999009
1 0.999290
1 0.999332
1 0.999375
1 0.999194
1 0.999096
1 0.998866
1 0.998795
0 0.998554
0 0.998163
0 0.998101
0 0.998142
0 0.997985
0 0.997896
0 0.997796
0 0.997839
0 0.997561
0 0.997433
0 0.997294
0 0.997609
0 0.997669
0 0.997421
0 0.997107
0 0.996652
0 0.996387
0 0.996143
0 0.996054
0 0.996399
0 0.995974
0 0.996102
0 0.995929
0 0.996471
0 0.996574
0 0.996749
0 0.996475
0 0.996231
0 0.996469
0 0.996623
0 0.996401
0 0.996393
0 0.996364
0 0.997010
0 0.997931
0 0.998224
0 0.998229
0 0.998444
0 0.998112
0 0.997940
0 0.997814
0 0.998539
1 0.998690
1 0.999014
1 0.998688
0 0.998274
0 0.000000
0 0.998371
0 0.998454
1 0.998844
1 0.998791
1 0.999052
1 0.998773
0 0.998568
0 0.998408
1 0.998963
1 0.998971
1 0.999128
1 0.999157
1 0.999112
1 0.999061
1 0.999050
1 0.998982
1 0.999078
1 0.999194
1 0.999007
1 0.998749
0 0.998618
1 0.998895
1 0.998817
1 0.998754
0 0.998470
0 0.998175
0 0.998010
0 0.997856
0 0.998049
0 0.997316
0 0.997864
0 0.997316
0 0.997284
0 0.997176
0 0.998001
0 0.998593
1 0.998789
1 0.998870
1 0.998982
1 0.999017
1 0.999150
1 0.999298
1 0.999001
1 0.998985
1 0.998844
0 0.998624
1 0.999080
1 0.999171
1 0.999337
1 0.999322
1 0.999220
1 0.999015
1 0.999329
1 0.999191
1 0.999272
1 0.999321
1 0.999095
1 0.999064
1 0.999022
1 0.998932
1 0.998976
1 0.999001
1 0.998761
1 0.998791
1 0.998847
1 0.998724
0 0.998523
0 0.998572
1 0.998903
1 0.998873
1 0.998867
1 0.999092
1 0.999233
1 0.999309
1 0.999314
1 0.999366
1 0.999326
1 0.999276
1 0.999176
1 0.999173
1 0.999292
1 0.999263
1 0.999294
1 0.999237
1 0.999326
1 0.999368
1 0.999351
1 0.999402
1 0.999429
1 0.999384
1 0.999315
1 0.999376
1 0.999394
1 0.999392
1 0.999366
1 0.999345
1 0.999444
1 0.999393
1 0.999335
1 0.999455
1 0.999416
1 0.999460
1 0.999333
1 0.999294
1 0.999170
1 0.999172
1 0.999174
1 0.999178
1 0.998962
1 0.999006
1 0.999084
1 0.999017
1 0.998884
1 0.999187
1 0.999161
1 0.999195
1 0.999263
1 0.999142
1 0.999062
1 0.999102
1 0.999184
1 0.999173
1 0.999007
1 0.999003
1 0.999154
1 0.999067
1 0.999002
1 0.999045
1 0.999098
1 0.999091
1 0.998716
0 0.998206
0 0.998422
0 0.998536
0 0.998392
1 0.998871
1 0.999171
1 0.999327
1 0.999278
1 0.999267
1 0.999322
1 0.999121
1 0.999249
1 0.999343
1 0.999417
1 0.999375
1 0.999341
1 0.999406
1 0.999424
1 0.999412
1 0.999356
1 0.999370
1 0.999390
1 0.999372
1 0.999403
1 0.999364
1 0.999331
1 0.999226
1 0.999224
1 0.999279
1 0.999323
1 0.999355
1 0.999249
1 0.999231
1 0.999332
1 0.999300
1 0.999271
1 0.999246
1 0.999325
1 0.999310
1 0.999249
1 0.999319
1 0.999304
1 0.999260
1 0.999190
1 0.999032
1 0.999082
1 0.999166
1 0.998948
0 0.998579
0 0.998628
0 0.998529
0 0.998596
1 0.998656
0 0.998327
0 0.998141
0 0.997950
0 0.998000
0 0.998109
0 0.997900
0 0.997978
0 0.997794
0 0.997932
0 0.998225
0 0.998157
0 0.998100
0 0.998316
0 0.998499
0 0.998435
0 0.998348
0 0.998540
1 0.998726
0 0.998475
0 0.998392
0 0.998554
0 0.998594
1 0.998959
1 0.999143
1 0.999417
1 0.999280
1 0.999310
1 0.999381
1 0.999319
1 0.998869
1 0.999207
1 0.998970
1 0.998715
0 0.998492
0 0.998526
0 0.998609
0 0.998502
0 0.998152
0 0.997813
0 0.997384
0 0.996985
0 0.996501
0 0.997722
0 0.997903
0 0.998456
0 0.998575
0 0.998603
0 0.998382
0 0.998419
0 0.998513
0 0.998320
0 0.998080
1 0.998670
1 0.999093
1 0.999127
1 0.999161
1 0.999239
1 0.998892
1 0.998758
0 0.998553
0 0.998464
0 0.998612
0 0.998322
0 0.998525
1 0.998870
1 0.999040
1 0.998915
1 0.998888
1 0.998847
1 0.998935
1 0.998864
1 0.998782
1 0.999144
1 0.999194
1 0.999337
1 0.999279
1 0.999251
1 0.999356
1 0.999375
1 0.999342
1 0.999350
1 0.999328
1 0.999343
1 0.999329
1 0.999406
1 0.999413
1 0.999421
1 0.999338
1 0.999377
1 0.999315
1 0.999304
1 0.999254
1 0.999373
1 0.999342
1 0.999333
1 0.999286
1 0.999358
1 0.999389
1 0.999228
1 0.999403
1 0.999278
1 0.999166
1 0.999263
1 0.999394
1 0.999404
1 0.999376
1 0.999403
1 0.999357
1 0.999337
1 0.999433
1 0.999359
1 0.999095
1 0.999335
1 0.999344
1 0.999337
1 0.999411
1 0.999401
1 0.999419
1 0.999394
1 0.999375
1 0.999374
1 0.999439
1 0.999383
1 0.999298
1 0.999336
1 0.999368
1 0.999199
1 0.999051
1 0.998906
1 0.999166
1 0.999262
1 0.999373
1 0.999261
1 0.999279
1 0.999203
1 0.999359
1 0.999467
1 0.999454
1 0.999432
1 0.999382
1 0.999476
1 0.999446
1 0.999399
1 0.999389
1 0.999438
1 0.999407
1 0.999331
1 0.999326
1 0.999287
1 0.999303
1 0.999288
1 0.999197
1 0.999315
1 0.999395
1 0.999380
1 0.999320
1 0.999333
1 0.999172
1 0.999297
1 0.999391
1 0.999386
1 0.999315
1 0.999179
1 0.999234
1 0.999220
1 0.999088
1 0.999008
1 0.999277
1 0.999336
1 0.999403
1 0.999411
1 0.999383
1 0.999311
1 0.999376
1 0.999417
1 0.999395
1 0.999346
1 0.999432
1 0.999394
1 0.999421
1 0.999340
1 0.999346
1 0.999415
1 0.999353
1 0.999299
1 0.999249
1 0.999283
1 0.999298
1 0.999160
1 0.999143
1 0.999201
1 0.999120
1 0.999066
1 0.999102
1 0.999290
1 0.999382
1 0.999385
1 0.999334
1 0.999347
1 0.999307
1 0.999258
1 0.999262
1 0.999156
1 0.999227
1 0.999229
1 0.999304
1 0.999405
1 0.999430
1 0.999375
1 0.999419
1 0.999394
1 0.999407
1 0.999453
1 0.999410
1 0.999274
1 0.999318
1 0.999281
1 0.999202
0 0.000000
1 0.999052
1 0.999056
1 0.998890
0 0.998604
0 0.998479
0 0.998567
0 0.998510
1 0.998660
1 0.999031
1 0.999068
1 0.999089
1 0.999258
1 0.999330
1 0.999412
1 0.999385
1 0.999326
1 0.999396
1 0.999408
1 0.999448
1 0.999437
1 0.999366
1 0.999405
1 0.999390
1 0.999404
1 0.999412
1 0.999415
1 0.999425
1 0.999431
1 0.999386
1 0.999377
1 0.999238
1 0.999253
1 0.999243
1 0.999232
1 0.999350
1 0.999271
1 0.999386
1 0.999354
1 0.999283
1 0.999346
1 0.999407
1 0.999360
1 0.999323
1 0.999153
1 0.998988
1 0.999143
1 0.999337
1 0.999405
1 0.999402
1 0.999413
1 0.999362
1 0.999239
1 0.999237
1 0.999255
1 0.999255
1 0.999153
1 0.999166
1 0.999257
1 0.999058
1 0.998994
1 0.998709
1 0.999078
1 0.999370
1 0.999356
1 0.999445
1 0.999464
1 0.999436
1 0.999362
1 0.999330
1 0.999247
1 0.999354
1 0.999126
1 0.999013
1 0.999274
1 0.999393
1 0.999422
1 0.999413
1 0.999411
1 0.999387
1 0.999342
1 0.999224
1 0.999397
1 0.999378
1 0.999396
1 0.999363
1 0.999334
1 0.999330
1 0.999363
1 0.999341
1 0.999302
1 0.999274
1 0.999341
1 0.999285
1 0.999383
1 0.999336
1 0.999318
1 0.999149
1 0.999382
1 0.999346
1 0.999411
1 0.999430
1 0.999294
1 0.999266
1 0.999215
1 0.999392
1 0.999426
1 0.999457
1 0.999408
1 0.999350
1 0.999304
1 0.999282
1 0.999386
1 0.999404
1 0.999450
1 0.999371
1 0.999291
1 0.999244
1 0.999346
1 0.999214
1 0.999049
1 0.998941
0 0.998600
0 0.998440
0 0.998280
0 0.998309
0 0.998293
0 0.998228
0 0.998070
1 0.998778
1 0.999053
1 0.999253
1 0.999394
1 0.999390
1 0.999403
1 0.999332
1 0.999289
1 0.999252
1 0.999244
1 0.999262
1 0.999039
1 0.999039
1 0.998901
1 0.998932
1 0.998934
1 0.999190
1 0.999279
1 0.999065
1 0.998952
1 0.998795
1 0.998724
0 0.998473
1 0.999057
1 0.999175
1 0.999368
1 0.999296
1 0.999195
1 0.999102
1 0.998779
1 0.999082
1 0.999114
1 0.999172
1 0.998890
1 0.998837
1 0.998701
1 0.998668
1 0.998793
1 0.998759
1 0.998765
0 0.998481
1 0.998752
1 0.998916
0 0.998520
1 0.998682
1 0.998783
1 0.999016
1 0.998990
1 0.999144
1 0.999110
1 0.999001
1 0.998882
1 0.999068
1 0.998776
1 0.998707
0 0.998564
1 0.999051
1 0.999134
1 0.999225
1 0.999257
1 0.999219
1 0.999284
1 0.999387
1 0.999404
1 0.999413
1 0.999417
1 0.999443
1 0.999420
1 0.999367
1 0.999436
1 0.999429
1 0.999403
1 0.999383
1 0.999391
1 0.999344
1 0.999279
1 0.999312
1 0.999375
1 0.999276
1 0.999066
1 0.999012
1 0.999029
1 0.999252
1 0.999247
1 0.999217
1 0.999303
1 0.999393
1 0.999374
1 0.999425
1 0.999425
1 0.999419
1 0.999437
1 0.999377
1 0.999413
1 0.999389
1 0.999422
1 0.999428
1 0.999408
1 0.999414
1 0.999428
1 0.999451
1 0.999386
1 0.999487
1 0.999426
1 0.999404
1 0.999428
1 0.999420
1 0.999403
1 0.999346
1 0.999465
1 0.999413
1 0.999396
1 0.999306
1 0.999235
1 0.999402
1 0.999423
1 0.999331
1 0.999358
1 0.999371
1 0.999364
1 0.999386
1 0.999387
1 0.999303
1 0.999277
1 0.999236
1 0.999196
1 0.999247
1 0.999151
1 0.999048
1 0.999271
1 0.999363
1 0.999413
1 0.999324
1 0.999320
1 0.999109
1 0.999240
1 0.999398
1 0.999356
1 0.999414
1 0.999407
1 0.999368
1 0.999375
1 0.999310
1 0.999173
1 0.999206
1 0.999272
1 0.998990
1 0.998847
1 0.998741
0 0.998320
0 0.998080
0 0.998357
0 0.998629
1 0.998659
0 0.998608
1 0.998894
1 0.999067
1 0.999155
1 0.999222
1 0.999214
1 0.999322
1 0.999376
1 0.999349
1 0.999402
1 0.999412
1 0.999362
1 0.999328
1 0.999259
1 0.999231
1 0.999179
1 0.999384
1 0.999418
1 0.999401
1 0.999369
1 0.999364
1 0.999341
1 0.999368
1 0.999296
1 0.999307
1 0.999211
1 0.998989
1 0.999240
1 0.999067
1 0.999172
1 0.998997
1 0.998849
1 0.998972
1 0.998983
1 0.999153
1 0.999192
1 0.999301
1 0.999352
1 0.999291
1 0.999371
1 0.999419
1 0.999440
1 0.999386
1 0.999315
1 0.999207
1 0.999290
1 0.999403
1 0.999419
1 0.999318
1 0.999415
1 0.999330
1 0.999218
1 0.999378
1 0.999394
1 0.999429
1 0.999303
1 0.999134
1 0.998904
1 0.999236
1 0.999331
1 0.999364
1 0.999377
1 0.999339
1 0.999388
1 0.999454
1 0.999461
1 0.999395
1 0.999446
1 0.999408
1 0.999415
1 0.999385
1 0.999429
1 0.999432
1 0.999421
1 0.999371
1 0.999296
1 0.999293
1 0.999242
1 0.999105
1 0.999383
1 0.999353
1 0.999373
1 0.999375
1 0.999334
1 0.999336
1 0.999337
1 0.999294
1 0.999288
1 0.999299
1 0.999247
1 0.999189
1 0.999195
1 0.999189
1 0.999297
1 0.999071
1 0.998934
1 0.998740
0 0.998379
1 0.998673
0 0.998613
1 0.998913
1 0.998949
1 0.999147
1 0.999258
1 0.998862
1 0.999145
1 0.999234
1 0.999244
1 0.999289
1 0.999338
1 0.999367
1 0.999302
1 0.999187
1 0.999066
1 0.999309
1 0.999384
1 0.999471
1 0.999369
1 0.999260
1 0.999090
1 0.999200
1 0.999291
1 0.999340
1 0.999213
