0 0.000000
0 0.000000
0 0.000000
0 0.000000
0 0.000000
0 0.000000
0 0.000000
0 0.000000
0 -0.440014
0 -0.435127
0 -0.424019
0 -0.409988
0 -0.394199
0 -0.381691
0 -0.368851
0 -0.352781
0 -0.338174
0 -0.326682
0 -0.313864
0 -0.296267
0 -0.291005
0 -0.268802
0 -0.252957
0 -0.235160
0 -0.220548
0 -0.209295
0 -0.195920
0 -0.179815
0 -0.163012
0 -0.149907
0 -0.132924
0 -0.114906
0 -0.099250
0 -0.085174
0 -0.068481
0 -0.049233
0 -0.037037
0 -0.023913
0 -0.009884
0 0.006359
0 0.015693
0 0.031842
0 0.044103
0 0.064387
0 0.078988
0 0.091025
0 0.107985
0 0.124895
0 0.139186
0 0.153340
0 0.170380
0 0.188229
0 0.202124
0 0.214103
0 0.224543
0 0.242596
0 0.251147
0 0.266661
0 0.281764
0 0.292529
0 0.309971
0 0.321489
0 0.323473
0 0.350915
0 0.359594
0 0.375416
0 0.389243
0 0.404425
0 0.416429
0 0.429056
0 0.442768
0 0.451678
0 0.469694
0 0.480204
0 0.492284
0 0.509770
0 0.521123
0 0.531683
0 0.542268
0 0.558746
0 0.569709
0 0.579837
0 0.592280
0 0.605745
0 0.616826
0 0.626335
0 0.636164
0 0.646538
0 0.659753
0 0.668784
0 0.677903
0 0.688899
0 0.693146
0 0.704918
0 0.716234
0 0.727780
0 0.731022
0 0.743625
0 0.752970
0 0.763626
0 0.772346
0 0.779696
0 0.786452
0 0.796318
0 0.804221
0 0.811461
0 0.819055
0 0.826263
0 0.833645
0 0.839576
0 0.844912
0 0.853725
0 0.857432
0 0.864311
0 0.869924
0 0.877416
0 0.882006
0 0.887567
0 0.893235
0 0.899541
0 0.902608
0 0.909069
0 0.914777
0 0.920790
0 0.923661
0 0.927968
0 0.931340
0 0.935865
0 0.941237
0 0.946157
0 0.949756
0 0.953715
0 0.956511
0 0.960901
0 0.963532
0 0.966176
0 0.969191
0 0.971169
0 0.972989
0 0.974826
0 0.977303
0 0.978870
0 0.980030
0 0.981388
0 0.982379
0 0.984011
0 0.984733
0 0.985557
0 0.986555
0 0.987363
0 0.987906
0 0.988718
0 0.989859
0 0.989333
0 0.989178
0 0.990138
0 0.990604
0 0.991039
0 0.991075
0 0.991835
0 0.992239
0 0.991936
0 0.992230
0 0.993095
0 0.993783
0 0.993820
0 0.994148
0 0.994669
0 0.995207
0 0.995173
0 0.995289
0 0.996010
0 0.996192
0 0.996054
0 0.996241
0 0.996829
0 0.996997
0 0.997164
0 0.996973
0 0.997439
0 0.997453
0 0.997284
0 0.997412
0 0.997676
0 0.997927
0 0.997649
0 0.997764
0 0.998005
0 0.998191
0 0.997965
0 0.998075
0 0.998449
0 0.998458
0 0.998375
0 0.998320
0 0.998377
1 0.998660
0 0.998608
0 0.998593
1 0.998877
1 0.998881
1 0.998706
1 0.998806
1 0.999052
1 0.999113
1 0.998930
1 0.998984
1 0.999233
1 0.998904
1 0.998654
1 0.998854
1 0.998653
1 0.999007
1 0.999008
1 0.998956
1 0.999036
1 0.999122
1 0.999348
1 0.999199
1 0.999287
1 0.999449
1 0.999512
1 0.999439
1 0.999487
1 0.999661
1 0.999673
1 0.999622
1 0.999612
1 0.999665
1 0.999711
1 0.999661
1 0.999736
1 0.999692
1 0.999716
1 0.999703
1 0.999641
1 0.999638
1 0.999540
1 0.999609
1 0.999546
1 0.999496
1 0.999315
1 0.999349
1 0.999243
1 0.999177
1 0.998941
1 0.999052
1 0.999024
1 0.998835
1 0.998807
1 0.998967
1 0.998937
1 0.998798
1 0.998703
1 0.998898
1 0.998863
0 0.998586
0 0.998543
1 0.998706
0 0.998497
0 0.998298
0 0.998491
1 0.998711
1 0.998675
1 0.998660
1 0.998842
1 0.998977
1 0.998923
1 0.998866
1 0.999037
1 0.999078
1 0.998973
1 0.999004
1 0.999042
1 0.998870
1 0.998847
1 0.998817
1 0.998783
1 0.998926
0 0.998485
1 0.998768
0 0.998541
0 0.998515
1 0.998786
1 0.998758
1 0.998665
1 0.998774
1 0.999106
1 0.999194
1 0.999148
1 0.999357
1 0.999180
1 0.999279
1 0.999245
1 0.999135
1 0.999046
1 0.999064
1 0.999099
1 0.998945
1 0.998961
1 0.998985
1 0.998976
1 0.998811
1 0.998752
1 0.998692
0 0.998626
0 0.998545
0 0.998483
0 0.998576
0 0.998267
0 0.998364
0 0.998202
0 0.998263
0 0.998524
0 0.998581
0 0.998396
0 0.998616
1 0.998661
1 0.998683
0 0.998543
0 0.998560
1 0.998696
0 0.998609
1 0.998663
1 0.998642
1 0.998816
1 0.998832
1 0.998873
1 0.998706
1 0.998841
1 0.998874
1 0.998662
1 0.998732
1 0.998911
0 0.998451
1 0.998685
1 0.998784
1 0.998782
1 0.998931
1 0.999054
1 0.998975
1 0.999051
1 0.999213
1 0.999255
1 0.999166
1 0.999286
1 0.999237
1 0.999360
1 0.999389
1 0.999338
1 0.999379
1 0.999430
1 0.999392
1 0.999364
1 0.999387
1 0.999403
1 0.999425
1 0.999397
1 0.999438
1 0.999409
1 0.999374
1 0.999393
1 0.999383
1 0.999384
1 0.999363
1 0.999352
1 0.999325
1 0.999381
1 0.999410
1 0.999393
1 0.999394
1 0.999416
1 0.999382
1 0.999363
1 0.999390
1 0.999379
1 0.999403
1 0.999384
1 0.999349
1 0.999394
1 0.999415
1 0.999399
1 0.999389
1 0.999470
1 0.999424
1 0.999395
1 0.999361
1 0.999378
1 0.999402
1 0.999312
1 0.999257
1 0.999327
1 0.999287
1 0.999164
1 0.999144
1 0.999214
1 0.999165
1 0.999048
1 0.998896
1 0.998992
1 0.998912
1 0.998923
1 0.998638
1 0.998701
1 0.998632
0 0.998318
0 0.998237
0 0.998240
0 0.998141
0 0.998124
0 0.997770
0 0.998086
0 0.998104
0 0.997763
0 0.997809
0 0.998020
0 0.998010
0 0.997668
0 0.997717
0 0.997680
0 0.997822
0 0.997640
0 0.997543
0 0.997668
0 0.997441
0 0.997527
0 0.997376
0 0.997363
0 0.997837
0 0.997899
1 0.998724
1 0.998825
1 0.998694
1 0.998791
1 0.998948
1 0.999006
1 0.998976
1 0.998848
1 0.998907
1 0.998990
1 0.999036
1 0.998895
1 0.999080
1 0.999089
1 0.999019
1 0.998982
1 0.999046
1 0.999082
1 0.999055
1 0.999022
1 0.999139
1 0.999115
1 0.999020
1 0.999082
1 0.999141
1 0.999137
1 0.998979
1 0.998938
1 0.999099
1 0.999133
1 0.998973
1 0.998983
1 0.999021
1 0.999120
1 0.998982
1 0.999153
1 0.999317
1 0.999351
1 0.999401
1 0.999367
1 0.999397
1 0.999473
1 0.999412
1 0.999479
1 0.999425
1 0.999444
1 0.999396
1 0.999426
1 0.999404
1 0.999415
1 0.999416
1 0.999474
1 0.999448
1 0.999386
1 0.999392
1 0.999400
1 0.999391
1 0.999366
1 0.999281
1 0.999295
1 0.999285
1 0.999263
1 0.999273
1 0.999279
1 0.999341
1 0.999279
1 0.999350
1 0.999335
1 0.999347
1 0.999319
1 0.999347
1 0.999343
1 0.999433
1 0.999369
1 0.999452
1 0.999424
1 0.999441
1 0.999397
1 0.999373
1 0.999389
1 0.999366
1 0.999419
1 0.999409
1 0.999402
1 0.999445
1 0.999421
1 0.999428
1 0.999420
1 0.999441
1 0.999399
1 0.999404
1 0.999399
1 0.999350
1 0.999314
1 0.999200
1 0.999313
1 0.999143
1 0.999157
1 0.999216
1 0.999346
1 0.999318
1 0.999284
1 0.999232
1 0.999338
1 0.999263
1 0.999291
1 0.999353
1 0.999370
1 0.999286
1 0.999414
1 0.999453
1 0.999412
1 0.999384
1 0.999450
1 0.999436
1 0.999432
1 0.999423
1 0.999448
1 0.999446
1 0.999422
1 0.999384
1 0.999398
1 0.999391
1 0.999381
1 0.999385
1 0.999422
1 0.999397
1 0.999387
1 0.999406
1 0.999375
1 0.999357
1 0.999397
1 0.999356
1 0.999214
1 0.999152
1 0.999276
1 0.999206
1 0.999077
1 0.998982
1 0.998969
1 0.998948
1 0.998783
1 0.998705
1 0.998882
0 0.998571
0 0.998541
0 0.998515
0 0.998226
0 0.998460
0 0.998434
0 0.998299
0 0.998262
0 0.998351
0 0.998473
0 0.998305
0 0.998368
0 0.998228
0 0.998500
0 0.998269
1 0.998798
1 0.998743
1 0.998902
1 0.998819
1 0.998683
0 0.998623
1 0.998768
1 0.998730
1 0.998906
1 0.998890
1 0.998946
1 0.999140
1 0.999140
1 0.999190
1 0.999140
1 0.999251
1 0.999290
1 0.999255
1 0.999333
1 0.999326
1 0.999387
1 0.999344
1 0.999385
1 0.999391
1 0.999388
1 0.999354
1 0.999411
1 0.999407
1 0.999415
1 0.999412
1 0.999392
1 0.999388
1 0.999429
1 0.999411
1 0.999405
1 0.999418
1 0.999441
1 0.999422
1 0.999378
1 0.999395
1 0.999418
1 0.999441
1 0.999447
1 0.999446
1 0.999405
1 0.999396
1 0.999384
1 0.999434
1 0.999407
1 0.999388
1 0.999384
1 0.999382
1 0.999429
1 0.999375
1 0.999384
1 0.999435
1 0.999381
1 0.999349
1 0.999275
1 0.999332
1 0.999328
1 0.999263
1 0.999234
1 0.999263
1 0.999233
1 0.999151
1 0.999296
1 0.999422
1 0.999426
1 0.999414
1 0.999394
1 0.999377
1 0.999387
1 0.999370
1 0.999346
1 0.999387
1 0.999374
1 0.999338
1 0.999391
1 0.999400
1 0.999390
1 0.999383
1 0.999308
1 0.999377
1 0.999376
1 0.999359
1 0.999425
1 0.999425
1 0.999365
1 0.999292
1 0.999337
1 0.999289
1 0.999185
1 0.999246
1 0.999253
1 0.999241
1 0.999229
1 0.999294
1 0.999373
1 0.999431
1 0.999422
1 0.999403
1 0.999396
1 0.999343
1 0.999365
1 0.999310
1 0.999179
1 0.998997
1 0.999124
1 0.999046
1 0.998973
1 0.998915
1 0.999186
1 0.999181
1 0.999096
1 0.998990
1 0.999063
1 0.999031
1 0.998959
1 0.998657
1 0.998775
1 0.998706
0 0.998387
0 0.998315
0 0.998298
0 0.998237
0 0.997977
0 0.997897
0 0.997862
0 0.998137
0 0.998007
0 0.997844
0 0.998149
0 0.997859
0 0.997949
0 0.998045
0 0.998435
0 0.998547
0 0.998500
0 0.998519
1 0.998644
1 0.998907
1 0.998810
1 0.998853
1 0.999047
1 0.999181
1 0.999042
1 0.999075
1 0.999074
1 0.999223
1 0.999227
1 0.999224
1 0.999317
1 0.999304
1 0.999270
1 0.999303
1 0.999290
1 0.999433
1 0.999330
1 0.999347
1 0.999401
1 0.999448
1 0.999397
1 0.999360
1 0.999342
1 0.999438
1 0.999408
1 0.999353
1 0.999382
1 0.999398
1 0.999413
1 0.999392
1 0.999394
1 0.999377
1 0.999345
1 0.999336
1 0.999317
1 0.999361
1 0.999345
1 0.999278
1 0.999316
1 0.999381
1 0.999256
1 0.999241
1 0.999324
1 0.999344
1 0.999297
1 0.999242
1 0.999257
1 0.999267
1 0.999174
1 0.999129
1 0.999139
1 0.999172
1 0.998988
1 0.998969
1 0.999036
1 0.998976
1 0.999074
1 0.999079
1 0.999233
1 0.999370
1 0.999382
1 0.999364
1 0.999393
1 0.999378
1 0.999393
1 0.999422
1 0.999363
1 0.999438
1 0.999422
1 0.999388
1 0.999429
1 0.999413
1 0.999418
1 0.999432
1 0.999390
1 0.999430
1 0.999446
1 0.999415
1 0.999418
1 0.999415
1 0.999413
1 0.999370
1 0.999478
1 0.999416
1 0.999413
1 0.999425
1 0.999435
1 0.999423
1 0.999328
1 0.999310
1 0.999306
1 0.999327
1 0.999199
1 0.999236
1 0.999209
1 0.999066
1 0.999331
1 0.999316
1 0.999420
1 0.999445
1 0.999433
1 0.999427
1 0.999427
1 0.999408
1 0.999448
1 0.999286
1 0.999294
1 0.999262
1 0.999254
1 0.999356
1 0.999327
1 0.999320
1 0.999315
1 0.999368
1 0.999220
1 0.999074
1 0.999027
1 0.999138
1 0.999059
1 0.999274
1 0.999322
1 0.999357
1 0.999295
1 0.999435
1 0.999425
1 0.999460
1 0.999489
1 0.999427
1 0.999365
1 0.999333
1 0.999352
1 0.999257
1 0.999269
1 0.999315
1 0.999244
1 0.999072
1 0.999192
1 0.999303
1 0.999241
1 0.999330
1 0.999269
1 0.999041
1 0.999032
1 0.999072
1 0.998902
1 0.998941
1 0.998763
1 0.998794
1 0.998868
1 0.998976
1 0.998943
1 0.998914
1 0.999037
1 0.998983
1 0.998865
1 0.999187
1 0.999296
1 0.999312
1 0.999391
1 0.999333
1 0.999244
1 0.999288
1 0.999293
1 0.999206
1 0.999351
1 0.999403
1 0.999449
1 0.999411
1 0.999416
1 0.999423
1 0.999443
1 0.999418
1 0.999378
1 0.999384
1 0.999310
1 0.999292
1 0.999339
1 0.999158
1 0.999160
1 0.999268
1 0.999201
1 0.999339
1 0.999322
1 0.999271
1 0.999262
1 0.999327
1 0.999359
1 0.999282
1 0.999284
1 0.999226
1 0.999321
1 0.999253
1 0.999249
1 0.999296
1 0.999332
1 0.999284
1 0.999373
1 0.999381
1 0.999247
1 0.999288
1 0.999167
1 0.999162
1 0.999230
1 0.999186
1 0.999081
1 0.999360
1 0.999346
