-6515000.000000 -1152000.000000 1475000.000000
-6515000.000000 -1152000.000000 1475000.000000
-6513000.000000 -1157000.000000 1481000.000000
-6513000.000000 -1157000.000000 1481000.000000
-6510000.000000 -1161000.000000 1486000.000000
-6510000.000000 -1161000.000000 1486000.000000
-6508000.000000 -1166000.000000 1492000.000000
-6508000.000000 -1166000.000000 1492000.000000
-6506000.000000 -1170000.000000 1498000.000000
-6506000.000000 -1170000.000000 1498000.000000
-6504000.000000 -1175000.000000 1504000.000000
-6504000.000000 -1175000.000000 1504000.000000
-6502000.000000 -1179000.000000 1510000.000000
-6502000.000000 -1179000.000000 1510000.000000
-6500000.000000 -1184000.000000 1515000.000000
-6500000.000000 -1184000.000000 1515000.000000
-6497000.000000 -1188000.000000 1521000.000000
-6497000.000000 -1188000.000000 1521000.000000
-6495000.000000 -1193000.000000 1527000.000000
-6495000.000000 -1193000.000000 1527000.000000
-6493000.000000 -1198000.000000 1533000.000000
-6493000.000000 -1198000.000000 1533000.000000
-6491000.000000 -1202000.000000 1539000.000000
-6491000.000000 -1202000.000000 1539000.000000
-6489000.000000 -1207000.000000 1544000.000000
-6489000.000000 -1207000.000000 1544000.000000
-6486000.000000 -1211000.000000 1550000.000000
-6486000.000000 -1211000.000000 1550000.000000
-6484000.000000 -1216000.000000 1556000.000000
-6484000.000000 -1216000.000000 1556000.000000
-6482000.000000 -1220000.000000 1562000.000000
-6482000.000000 -1220000.000000 1562000.000000
-6480000.000000 -1225000.000000 1567000.000000
-6480000.000000 -1225000.000000 1567000.000000
-6477000.000000 -1229000.000000 1573000.000000
-6477000.000000 -1229000.000000 1573000.000000
-6475000.000000 -1234000.000000 1579000.000000
-6475000.000000 -1234000.000000 1579000.000000
-6473000.000000 -1238000.000000 1585000.000000
-6473000.000000 -1238000.000000 1585000.000000
-6471000.000000 -1243000.000000 1591000.000000
-6471000.000000 -1243000.000000 1591000.000000
-6468000.000000 -1247000.000000 1596000.000000
-6468000.000000 -1247000.000000 1596000.000000
-6466000.000000 -1252000.000000 1602000.000000
-6466000.000000 -1252000.000000 1602000.000000
-6464000.000000 -1256000.000000 1608000.000000
-6464000.000000 -1256000.000000 1608000.000000
-6461000.000000 -1261000.000000 1614000.000000
-6461000.000000 -1261000.000000 1614000.000000
-6459000.000000 -1265000.000000 1619000.000000
-6459000.000000 -1265000.000000 1619000.000000
-6457000.000000 -1270000.000000 1625000.000000
-6457000.000000 -1270000.000000 1625000.000000
-6454000.000000 -1274000.000000 1631000.000000
-6454000.000000 -1274000.000000 1631000.000000
-6452000.000000 -1279000.000000 1637000.000000
-6452000.000000 -1279000.000000 1637000.000000
-6450000.000000 -1283000.000000 1642000.000000
-6450000.000000 -1283000.000000 1642000.000000
-6447000.000000 -1288000.000000 1648000.000000
-6447000.000000 -1288000.000000 1648000.000000
-6445000.000000 -1292000.000000 1654000.000000
-6445000.000000 -1292000.000000 1654000.000000
-6443000.000000 -1297000.000000 1660000.000000
-6443000.000000 -1297000.000000 1660000.000000
-6440000.000000 -1301000.000000 1665000.000000
-6440000.000000 -1301000.000000 1665000.000000
-6438000.000000 -1306000.000000 1671000.000000
-6438000.000000 -1306000.000000 1671000.000000
-6435000.000000 -1310000.000000 1677000.000000
-6435000.000000 -1310000.000000 1677000.000000
-6433000.000000 -1315000.000000 1683000.000000
-6433000.000000 -1315000.000000 1683000.000000
-6431000.000000 -1319000.000000 1688000.000000
-6431000.000000 -1319000.000000 1688000.000000
-6428000.000000 -1324000.000000 1694000.000000
-6428000.000000 -1324000.000000 1694000.000000
-6426000.000000 -1328000.000000 1700000.000000
-6426000.000000 -1328000.000000 1700000.000000
-6423000.000000 -1332000.000000 1706000.000000
-6423000.000000 -1332000.000000 1706000.000000
-6421000.000000 -1336000.000000 1710000.000000
-6421000.000000 -1336000.000000 1710000.000000
-6419000.000000 -1340000.000000 1716000.000000
-6419000.000000 -1340000.000000 1716000.000000
-6416000.000000 -1346000.000000 1723000.000000
-6416000.000000 -1346000.000000 1723000.000000
-6414000.000000 -1349000.000000 1727000.000000
-6414000.000000 -1349000.000000 1727000.000000
-6411000.000000 -1355000.000000 1734000.000000
-6411000.000000 -1355000.000000 1734000.000000
-6409000.000000 -1358000.000000 1738000.000000
-6409000.000000 -1358000.000000 1738000.000000
-6406000.000000 -1364000.000000 1746000.000000
-6406000.000000 -1364000.000000 1746000.000000
-6403000.000000 -1368000.000000 1751000.000000
-6403000.000000 -1368000.000000 1751000.000000
-6401000.000000 -1373000.000000 1757000.000000
-6401000.000000 -1373000.000000 1757000.000000
-6398000.000000 -1377000.000000 1763000.000000
-6398000.000000 -1377000.000000 1763000.000000
-6396000.000000 -1382000.000000 1768000.000000
-6396000.000000 -1382000.000000 1768000.000000
-6393000.000000 -1386000.000000 1774000.000000
-6393000.000000 -1386000.000000 1774000.000000
-6391000.000000 -1391000.000000 1780000.000000
-6391000.000000 -1391000.000000 1780000.000000
-6388000.000000 -1395000.000000 1785000.000000
-6388000.000000 -1395000.000000 1785000.000000
-6386000.000000 -1399000.000000 1791000.000000
-6386000.000000 -1399000.000000 1791000.000000
-6383000.000000 -1404000.000000 1797000.000000
-6383000.000000 -1404000.000000 1797000.000000
-6381000.000000 -1408000.000000 1803000.000000
-6381000.000000 -1408000.000000 1803000.000000
-6378000.000000 -1413000.000000 1808000.000000
-6378000.000000 -1413000.000000 1808000.000000
-6376000.000000 -1416000.000000 1812000.000000
-6376000.000000 -1416000.000000 1812000.000000
-6373000.000000 -1422000.000000 1820000.000000
-6373000.000000 -1422000.000000 1820000.000000
-6370000.000000 -1426000.000000 1825000.000000
-6370000.000000 -1426000.000000 1825000.000000
-6367000.000000 -1430000.000000 1831000.000000
-6367000.000000 -1430000.000000 1831000.000000
-6365000.000000 -1435000.000000 1837000.000000
-6365000.000000 -1435000.000000 1837000.000000
-6362000.000000 -1439000.000000 1842000.000000
-6362000.000000 -1439000.000000 1842000.000000
-6360000.000000 -1444000.000000 1848000.000000
-6360000.000000 -1444000.000000 1848000.000000
-6357000.000000 -1448000.000000 1854000.000000
-6357000.000000 -1448000.000000 1854000.000000
-6354000.000000 -1453000.000000 1859000.000000
-6354000.000000 -1453000.000000 1859000.000000
-6352000.000000 -1457000.000000 1865000.000000
-6352000.000000 -1457000.000000 1865000.000000
-6349000.000000 -1461000.000000 1871000.000000
-6349000.000000 -1461000.000000 1871000.000000
-6346000.000000 -1466000.000000 1876000.000000
-6346000.000000 -1466000.000000 1876000.000000
-6343000.000000 -1470000.000000 1882000.000000
-6343000.000000 -1470000.000000 1882000.000000
-6341000.000000 -1475000.000000 1888000.000000
-6341000.000000 -1475000.000000 1888000.000000
-6338000.000000 -1479000.000000 1893000.000000
-6338000.000000 -1479000.000000 1893000.000000
-6335000.000000 -1484000.000000 1899000.000000
-6335000.000000 -1484000.000000 1899000.000000
-6333000.000000 -1488000.000000 1905000.000000
-6333000.000000 -1488000.000000 1905000.000000
-6330000.000000 -1492000.000000 1910000.000000
-6327000.000000 -1497000.000000 1916000.000000
-6327000.000000 -1497000.000000 1916000.000000
-6324000.000000 -1501000.000000 1921000.000000
-6324000.000000 -1501000.000000 1921000.000000
-6322000.000000 -1506000.000000 1927000.000000
-6322000.000000 -1506000.000000 1927000.000000
-6319000.000000 -1510000.000000 1933000.000000
-6319000.000000 -1510000.000000 1933000.000000
-6316000.000000 -1514000.000000 1938000.000000
-6316000.000000 -1514000.000000 1938000.000000
-6313000.000000 -1519000.000000 1944000.000000
-6313000.000000 -1519000.000000 1944000.000000
-6310000.000000 -1523000.000000 1950000.000000
-6310000.000000 -1523000.000000 1950000.000000
-6308000.000000 -1528000.000000 1955000.000000
-6308000.000000 -1528000.000000 1955000.000000
-6305000.000000 -1532000.000000 1961000.000000
-6305000.000000 -1532000.000000 1961000.000000
-6302000.000000 -1536000.000000 1966000.000000
-6302000.000000 -1536000.000000 1966000.000000
-6299000.000000 -1541000.000000 1972000.000000
-6299000.000000 -1541000.000000 1972000.000000
-6296000.000000 -1545000.000000 1978000.000000
-6296000.000000 -1545000.000000 1978000.000000
-6294000.000000 -1550000.000000 1983000.000000
-6294000.000000 -1550000.000000 1983000.000000
-6291000.000000 -1553000.000000 1988000.000000
-6291000.000000 -1553000.000000 1988000.000000
-6288000.000000 -1558000.000000 1995000.000000
-6288000.000000 -1558000.000000 1995000.000000
-6285000.000000 -1563000.000000 2000000.000000
-6285000.000000 -1563000.000000 2000000.000000
-6282000.000000 -1567000.000000 2006000.000000
-6282000.000000 -1567000.000000 2006000.000000
-6279000.000000 -1571000.000000 2011000.000000
-6279000.000000 -1571000.000000 2011000.000000
-6276000.000000 -1576000.000000 2017000.000000
-6276000.000000 -1576000.000000 2017000.000000
-6273000.000000 -1580000.000000 2023000.000000
-6273000.000000 -1580000.000000 2023000.000000
-6270000.000000 -1585000.000000 2028000.000000
-6270000.000000 -1585000.000000 2028000.000000
-6268000.000000 -1589000.000000 2034000.000000
-6268000.000000 -1589000.000000 2034000.000000
-6265000.000000 -1593000.000000 2039000.000000
-6265000.000000 -1593000.000000 2039000.000000
-6262000.000000 -1598000.000000 2045000.000000
-6262000.000000 -1598000.000000 2045000.000000
-6259000.000000 -1602000.000000 2050000.000000
-6259000.000000 -1602000.000000 2050000.000000
-6256000.000000 -1606000.000000 2056000.000000
-6256000.000000 -1606000.000000 2056000.000000
-6253000.000000 -1611000.000000 2062000.000000
-6253000.000000 -1611000.000000 2062000.000000
-6250000.000000 -1615000.000000 2067000.000000
-6250000.000000 -1615000.000000 2067000.000000
-6247000.000000 -1619000.000000 2073000.000000
-6247000.000000 -1619000.000000 2073000.000000
-6244000.000000 -1624000.000000 2078000.000000
-6244000.000000 -1624000.000000 2078000.000000
-6241000.000000 -1628000.000000 2084000.000000
-6241000.000000 -1628000.000000 2084000.000000
-6239000.000000 -1631000.000000 2088000.000000
-6239000.000000 -1631000.000000 2088000.000000
-6236000.000000 -1636000.000000 2094000.000000
-6236000.000000 -1636000.000000 2094000.000000
-6232000.000000 -1641000.000000 2101000.000000
-6232000.000000 -1641000.000000 2101000.000000
-6229000.000000 -1646000.000000 2106000.000000
-6229000.000000 -1646000.000000 2106000.000000
-6226000.000000 -1650000.000000 2112000.000000
-6226000.000000 -1650000.000000 2112000.000000
-6223000.000000 -1654000.000000 2117000.000000
-6223000.000000 -1654000.000000 2117000.000000
-6220000.000000 -1659000.000000 2123000.000000
-6220000.000000 -1659000.000000 2123000.000000
-6217000.000000 -1663000.000000 2128000.000000
-6217000.000000 -1663000.000000 2128000.000000
-6214000.000000 -1666000.000000 2132000.000000
-6214000.000000 -1666000.000000 2132000.000000
-6211000.000000 -1672000.000000 2139000.000000
-6211000.000000 -1672000.000000 2139000.000000
-6208000.000000 -1676000.000000 2145000.000000
-6208000.000000 -1676000.000000 2145000.000000
-6204000.000000 -1680000.000000 2150000.000000
-6204000.000000 -1680000.000000 2150000.000000
-6201000.000000 -1684000.000000 2156000.000000
-6201000.000000 -1684000.000000 2156000.000000
-6198000.000000 -1689000.000000 2162000.000000
-6198000.000000 -1689000.000000 2162000.000000
-6195000.000000 -1693000.000000 2167000.000000
-6195000.000000 -1693000.000000 2167000.000000
-6192000.000000 -1697000.000000 2173000.000000
-6192000.000000 -1697000.000000 2173000.000000
-6189000.000000 -1702000.000000 2178000.000000
-6189000.000000 -1702000.000000 2178000.000000
-6186000.000000 -1706000.000000 2184000.000000
-6186000.000000 -1706000.000000 2184000.000000
-6183000.000000 -1710000.000000 2189000.000000
-6183000.000000 -1710000.000000 2189000.000000
-6180000.000000 -1715000.000000 2195000.000000
-6180000.000000 -1715000.000000 2195000.000000
-6176000.000000 -1719000.000000 2200000.000000
-6176000.000000 -1719000.000000 2200000.000000
-6173000.000000 -1723000.000000 2206000.000000
-6173000.000000 -1723000.000000 2206000.000000
-6170000.000000 -1728000.000000 2211000.000000
-6170000.000000 -1728000.000000 2211000.000000
-6167000.000000 -1732000.000000 2217000.000000
-6167000.000000 -1732000.000000 2217000.000000
-6164000.000000 -1736000.000000 2222000.000000
-6164000.000000 -1736000.000000 2222000.000000
-6160000.000000 -1740000.000000 2228000.000000
-6160000.000000 -1740000.000000 2228000.000000
-6157000.000000 -1745000.000000 2233000.000000
-6157000.000000 -1745000.000000 2233000.000000
-6154000.000000 -1749000.000000 2239000.000000
-6154000.000000 -1749000.000000 2239000.000000
-6151000.000000 -1753000.000000 2244000.000000
-6151000.000000 -1753000.000000 2244000.000000
-6148000.000000 -1758000.000000 2250000.000000
-6148000.000000 -1758000.000000 2250000.000000
-6144000.000000 -1762000.000000 2255000.000000
-6144000.000000 -1762000.000000 2255000.000000
-6141000.000000 -1766000.000000 2261000.000000
-6141000.000000 -1766000.000000 2261000.000000
-6138000.000000 -1770000.000000 2266000.000000
-6138000.000000 -1770000.000000 2266000.000000
-6135000.000000 -1775000.000000 2271000.000000
-6135000.000000 -1775000.000000 2271000.000000
-6131000.000000 -1779000.000000 2277000.000000
-6131000.000000 -1779000.000000 2277000.000000
-6128000.000000 -1783000.000000 2282000.000000
-6128000.000000 -1783000.000000 2282000.000000
-6125000.000000 -1788000.000000 2288000.000000
-6125000.000000 -1788000.000000 2288000.000000
-6122000.000000 -1792000.000000 2293000.000000
-6122000.000000 -1792000.000000 2293000.000000
-6118000.000000 -1796000.000000 2299000.000000
-6118000.000000 -1796000.000000 2299000.000000
-6115000.000000 -1800000.000000 2304000.000000
-6115000.000000 -1800000.000000 2304000.000000
-6112000.000000 -1805000.000000 2310000.000000
-6112000.000000 -1805000.000000 2310000.000000
-6108000.000000 -1809000.000000 2315000.000000
-6108000.000000 -1809000.000000 2315000.000000
-6105000.000000 -1813000.000000 2321000.000000
-6105000.000000 -1813000.000000 2321000.000000
-6102000.000000 -1817000.000000 2326000.000000
-6102000.000000 -1817000.000000 2326000.000000
-6098000.000000 -1822000.000000 2331000.000000
-6098000.000000 -1822000.000000 2331000.000000
-6095000.000000 -1826000.000000 2337000.000000
-6095000.000000 -1826000.000000 2337000.000000
-6092000.000000 -1830000.000000 2342000.000000
-6092000.000000 -1830000.000000 2342000.000000
-6088000.000000 -1834000.000000 2348000.000000
-6088000.000000 -1834000.000000 2348000.000000
-6085000.000000 -1839000.000000 2353000.000000
-6085000.000000 -1839000.000000 2353000.000000
-6082000.000000 -1842000.000000 2357000.000000
-6082000.000000 -1842000.000000 2357000.000000
-6079000.000000 -1846000.000000 2363000.000000
-6079000.000000 -1846000.000000 2363000.000000
-6075000.000000 -1851000.000000 2369000.000000
-6075000.000000 -1851000.000000 2369000.000000
-6071000.000000 -1855000.000000 2375000.000000
-6071000.000000 -1855000.000000 2375000.000000
-6068000.000000 -1860000.000000 2380000.000000
-6068000.000000 -1860000.000000 2380000.000000
-6064000.000000 -1864000.000000 2386000.000000
-6064000.000000 -1864000.000000 2386000.000000
-6061000.000000 -1868000.000000 2391000.000000
-6061000.000000 -1868000.000000 2391000.000000
-6058000.000000 -1872000.000000 2397000.000000
-6058000.000000 -1872000.000000 2397000.000000
-6054000.000000 -1877000.000000 2402000.000000
-6054000.000000 -1877000.000000 2402000.000000
-6051000.000000 -1881000.000000 2407000.000000
-6051000.000000 -1881000.000000 2407000.000000
-6047000.000000 -1885000.000000 2413000.000000
-6047000.000000 -1885000.000000 2413000.000000
-6044000.000000 -1889000.000000 2418000.000000
-6044000.000000 -1889000.000000 2418000.000000
-6041000.000000 -1892000.000000 2422000.000000
-6041000.000000 -1892000.000000 2422000.000000
-6041000.000000 -1892000.000000 2422000.000000
-6041000.000000 -1892000.000000 2422000.000000
-6041000.000000 -1892000.000000 2422000.000000
-6041000.000000 -1892000.000000 2422000.000000
-6041000.000000 -1892000.000000 2422000.000000
-6041000.000000 -1892000.000000 2422000.000000
-6041000.000000 -1892000.000000 2422000.000000
-6041000.000000 -1892000.000000 2422000.000000
-6025000.000000 -1912000.000000 2447000.000000
-6025000.000000 -1912000.000000 2447000.000000
-6020000.000000 -1918000.000000 2455000.000000
-6020000.000000 -1918000.000000 2455000.000000
-6015000.000000 -1923000.000000 2461000.000000
-6015000.000000 -1923000.000000 2461000.000000
-6012000.000000 -1927000.000000 2466000.000000
-6012000.000000 -1927000.000000 2466000.000000
-6009000.000000 -1931000.000000 2472000.000000
-6009000.000000 -1931000.000000 2472000.000000
-6006000.000000 -1934000.000000 2476000.000000
-6006000.000000 -1934000.000000 2476000.000000
-6002000.000000 -1940000.000000 2483000.000000
-6002000.000000 -1940000.000000 2483000.000000
-5998000.000000 -1944000.000000 2488000.000000
-5998000.000000 -1944000.000000 2488000.000000
-5994000.000000 -1948000.000000 2493000.000000
-5994000.000000 -1948000.000000 2493000.000000
-5991000.000000 -1952000.000000 2499000.000000
-5991000.000000 -1952000.000000 2499000.000000
-5990000.000000 -1953000.000000 2500000.000000
-5990000.000000 -1953000.000000 2500000.000000
-5986000.000000 -1958000.000000 2506000.000000
-5986000.000000 -1958000.000000 2506000.000000
-5986000.000000 -1958000.000000 2506000.000000
-5986000.000000 -1958000.000000 2506000.000000
-5976000.000000 -1969000.000000 2520000.000000
-5976000.000000 -1969000.000000 2520000.000000
-5973000.000000 -1973000.000000 2525000.000000
-5973000.000000 -1973000.000000 2525000.000000
-5969000.000000 -1977000.000000 2531000.000000
-5969000.000000 -1977000.000000 2531000.000000
-5966000.000000 -1981000.000000 2536000.000000
-5966000.000000 -1981000.000000 2536000.000000
-5962000.000000 -1985000.000000 2541000.000000
-5962000.000000 -1985000.000000 2541000.000000
-5958000.000000 -1990000.000000 2546000.000000
-5958000.000000 -1990000.000000 2546000.000000
-5955000.000000 -1994000.000000 2552000.000000
-5955000.000000 -1994000.000000 2552000.000000
-5951000.000000 -1998000.000000 2557000.000000
-5951000.000000 -1998000.000000 2557000.000000
-5948000.000000 -2001000.000000 2561000.000000
-5948000.000000 -2001000.000000 2561000.000000
-5944000.000000 -2006000.000000 2568000.000000
-5944000.000000 -2006000.000000 2568000.000000
-5940000.000000 -2010000.000000 2573000.000000
-5940000.000000 -2010000.000000 2573000.000000
-5937000.000000 -2013000.000000 2577000.000000
-5937000.000000 -2013000.000000 2577000.000000
-5932000.000000 -2019000.000000 2584000.000000
-5932000.000000 -2019000.000000 2584000.000000
-5929000.000000 -2023000.000000 2589000.000000
-5929000.000000 -2023000.000000 2589000.000000
-5925000.000000 -2027000.000000 2594000.000000
-5925000.000000 -2027000.000000 2594000.000000
-5922000.000000 -2030000.000000 2598000.000000
-5922000.000000 -2030000.000000 2598000.000000
-5917000.000000 -2035000.000000 2605000.000000
-5917000.000000 -2035000.000000 2605000.000000
-5915000.000000 -2038000.000000 2609000.000000
-5915000.000000 -2038000.000000 2609000.000000
-5911000.000000 -2042000.000000 2614000.000000
-5911000.000000 -2042000.000000 2614000.000000
-5906000.000000 -2047000.000000 2621000.000000
-5906000.000000 -2047000.000000 2621000.000000
-5903000.000000 -2052000.000000 2626000.000000
-5903000.000000 -2052000.000000 2626000.000000
-5899000.000000 -2056000.000000 2631000.000000
-5899000.000000 -2056000.000000 2631000.000000
-5895000.000000 -2060000.000000 2636000.000000
-5895000.000000 -2060000.000000 2636000.000000
-5891000.000000 -2064000.000000 2642000.000000
-5891000.000000 -2064000.000000 2642000.000000
-5887000.000000 -2068000.000000 2647000.000000
-5887000.000000 -2068000.000000 2647000.000000
-5884000.000000 -2072000.000000 2652000.000000
-5884000.000000 -2072000.000000 2652000.000000
-5880000.000000 -2076000.000000 2657000.000000
-5880000.000000 -2076000.000000 2657000.000000
-5876000.000000 -2080000.000000 2663000.000000
-5876000.000000 -2080000.000000 2663000.000000
-5872000.000000 -2084000.000000 2668000.000000
-5872000.000000 -2084000.000000 2668000.000000
-5868000.000000 -2088000.000000 2673000.000000
-5868000.000000 -2088000.000000 2673000.000000
-5865000.000000 -2091000.000000 2677000.000000
-5865000.000000 -2091000.000000 2677000.000000
-5861000.000000 -2097000.000000 2683000.000000
-5861000.000000 -2097000.000000 2683000.000000
-5857000.000000 -2101000.000000 2689000.000000
-5857000.000000 -2101000.000000 2689000.000000
-5853000.000000 -2105000.000000 2694000.000000
-5853000.000000 -2105000.000000 2694000.000000
-5849000.000000 -2109000.000000 2699000.000000
-5849000.000000 -2109000.000000 2699000.000000
-5845000.000000 -2113000.000000 2704000.000000
-5845000.000000 -2113000.000000 2704000.000000
-5841000.000000 -2117000.000000 2710000.000000
-5841000.000000 -2117000.000000 2710000.000000
-5837000.000000 -2121000.000000 2715000.000000
-5837000.000000 -2121000.000000 2715000.000000
-5833000.000000 -2125000.000000 2720000.000000
-5833000.000000 -2125000.000000 2720000.000000
-5830000.000000 -2129000.000000 2725000.000000
-5830000.000000 -2129000.000000 2725000.000000
-5827000.000000 -2132000.000000 2729000.000000
-5827000.000000 -2132000.000000 2729000.000000
-5823000.000000 -2136000.000000 2734000.000000
-5823000.000000 -2136000.000000 2734000.000000
-5818000.000000 -2141000.000000 2741000.000000
-5818000.000000 -2141000.000000 2741000.000000
-5814000.000000 -2145000.000000 2746000.000000
-5814000.000000 -2145000.000000 2746000.000000
-5810000.000000 -2149000.000000 2751000.000000
-5810000.000000 -2149000.000000 2751000.000000
-5806000.000000 -2153000.000000 2756000.000000
-5806000.000000 -2153000.000000 2756000.000000
-5802000.000000 -2158000.000000 2761000.000000
-5802000.000000 -2158000.000000 2761000.000000
-5798000.000000 -2162000.000000 2767000.000000
-5798000.000000 -2162000.000000 2767000.000000
-5795000.000000 -2165000.000000 2771000.000000
-5795000.000000 -2165000.000000 2771000.000000
-5790000.000000 -2170000.000000 2777000.000000
-5790000.000000 -2170000.000000 2777000.000000
-5786000.000000 -2174000.000000 2782000.000000
-5786000.000000 -2174000.000000 2782000.000000
-5782000.000000 -2178000.000000 2787000.000000
-5782000.000000 -2178000.000000 2787000.000000
-5778000.000000 -2182000.000000 2792000.000000
-5778000.000000 -2182000.000000 2792000.000000
-5774000.000000 -2186000.000000 2798000.000000
-5774000.000000 -2186000.000000 2798000.000000
-5770000.000000 -2190000.000000 2803000.000000
-5770000.000000 -2190000.000000 2803000.000000
-5766000.000000 -2194000.000000 2808000.000000
-5766000.000000 -2194000.000000 2808000.000000
-5762000.000000 -2198000.000000 2813000.000000
-5762000.000000 -2198000.000000 2813000.000000
-5758000.000000 -2202000.000000 2818000.000000
-5758000.000000 -2202000.000000 2818000.000000
-5754000.000000 -2206000.000000 2823000.000000
-5754000.000000 -2206000.000000 2823000.000000
-5751000.000000 -2209000.000000 2827000.000000
-5751000.000000 -2209000.000000 2827000.000000
-5746000.000000 -2214000.000000 2834000.000000
-5746000.000000 -2214000.000000 2834000.000000
-5742000.000000 -2218000.000000 2839000.000000
-5742000.000000 -2218000.000000 2839000.000000
-5738000.000000 -2222000.000000 2844000.000000
-5738000.000000 -2222000.000000 2844000.000000
-5733000.000000 -2226000.000000 2849000.000000
-5733000.000000 -2226000.000000 2849000.000000
-5729000.000000 -2230000.000000 2854000.000000
-5729000.000000 -2230000.000000 2854000.000000
-5725000.000000 -2234000.000000 2859000.000000
-5725000.000000 -2234000.000000 2859000.000000
-5721000.000000 -2238000.000000 2864000.000000
-5721000.000000 -2238000.000000 2864000.000000
-5717000.000000 -2242000.000000 2869000.000000
-5717000.000000 -2242000.000000 2869000.000000
-5713000.000000 -2246000.000000 2874000.000000
-5713000.000000 -2246000.000000 2874000.000000
-5709000.000000 -2250000.000000 2879000.000000
-5709000.000000 -2250000.000000 2879000.000000
-5705000.000000 -2254000.000000 2885000.000000
-5705000.000000 -2254000.000000 2885000.000000
-5701000.000000 -2258000.000000 2890000.000000
-5701000.000000 -2258000.000000 2890000.000000
-5696000.000000 -2262000.000000 2895000.000000
-5696000.000000 -2262000.000000 2895000.000000
-5692000.000000 -2266000.000000 2900000.000000
-5692000.000000 -2266000.000000 2900000.000000
-5688000.000000 -2270000.000000 2905000.000000
-5688000.000000 -2270000.000000 2905000.000000
-5684000.000000 -2273000.000000 2910000.000000
-5684000.000000 -2273000.000000 2910000.000000
-5680000.000000 -2277000.000000 2915000.000000
-5680000.000000 -2277000.000000 2915000.000000
-5676000.000000 -2281000.000000 2920000.000000
-5676000.000000 -2281000.000000 2920000.000000
-5671000.000000 -2285000.000000 2925000.000000
-5671000.000000 -2285000.000000 2925000.000000
-5667000.000000 -2289000.000000 2930000.000000
-5667000.000000 -2289000.000000 2930000.000000
-5664000.000000 -2292000.000000 2934000.000000
-5664000.000000 -2292000.000000 2934000.000000
-5659000.000000 -2297000.000000 2940000.000000
-5659000.000000 -2297000.000000 2940000.000000
-5654000.000000 -2301000.000000 2945000.000000
-5654000.000000 -2301000.000000 2945000.000000
-5650000.000000 -2305000.000000 2950000.000000
-5650000.000000 -2305000.000000 2950000.000000
-5646000.000000 -2309000.000000 2955000.000000
-5646000.000000 -2309000.000000 2955000.000000
-5642000.000000 -2313000.000000 2960000.000000
-5642000.000000 -2313000.000000 2960000.000000
-5637000.000000 -2317000.000000 2965000.000000
-5637000.000000 -2317000.000000 2965000.000000
-5633000.000000 -2321000.000000 2970000.000000
-5633000.000000 -2321000.000000 2970000.000000
-5629000.000000 -2325000.000000 2976000.000000
-5629000.000000 -2325000.000000 2976000.000000
-5625000.000000 -2329000.000000 2981000.000000
-5625000.000000 -2329000.000000 2981000.000000
-5620000.000000 -2333000.000000 2986000.000000
-5620000.000000 -2333000.000000 2986000.000000
-5616000.000000 -2336000.000000 2991000.000000
-5616000.000000 -2336000.000000 2991000.000000
-5612000.000000 -2340000.000000 2996000.000000
-5612000.000000 -2340000.000000 2996000.000000
-5608000.000000 -2344000.000000 3001000.000000
-5608000.000000 -2344000.000000 3001000.000000
-5603000.000000 -2348000.000000 3006000.000000
-5603000.000000 -2348000.000000 3006000.000000
-5599000.000000 -2352000.000000 3011000.000000
-5599000.000000 -2352000.000000 3011000.000000
-5595000.000000 -2356000.000000 3016000.000000
-5595000.000000 -2356000.000000 3016000.000000
-5590000.000000 -2360000.000000 3021000.000000
-5590000.000000 -2360000.000000 3021000.000000
-5586000.000000 -2364000.000000 3026000.000000
-5586000.000000 -2364000.000000 3026000.000000
-5582000.000000 -2368000.000000 3030000.000000
-5582000.000000 -2368000.000000 3030000.000000
-5577000.000000 -2372000.000000 3035000.000000
-5577000.000000 -2372000.000000 3035000.000000
-5573000.000000 -2375000.000000 3040000.000000
-5573000.000000 -2375000.000000 3040000.000000
-5568000.000000 -2379000.000000 3045000.000000
-5568000.000000 -2379000.000000 3045000.000000
-5564000.000000 -2383000.000000 3050000.000000
-5564000.000000 -2383000.000000 3050000.000000
-5560000.000000 -2387000.000000 3055000.000000
-5560000.000000 -2387000.000000 3055000.000000
-5555000.000000 -2391000.000000 3060000.000000
-5555000.000000 -2391000.000000 3060000.000000
-5551000.000000 -2395000.000000 3065000.000000
-5551000.000000 -2395000.000000 3065000.000000
-5546000.000000 -2399000.000000 3070000.000000
-5546000.000000 -2399000.000000 3070000.000000
-5542000.000000 -2403000.000000 3075000.000000
-5542000.000000 -2403000.000000 3075000.000000
-5538000.000000 -2406000.000000 3080000.000000
-5538000.000000 -2406000.000000 3080000.000000
-5533000.000000 -2410000.000000 3085000.000000
-5533000.000000 -2410000.000000 3085000.000000
-5529000.000000 -2414000.000000 3090000.000000
-5529000.000000 -2414000.000000 3090000.000000
-5525000.000000 -2417000.000000 3094000.000000
-5525000.000000 -2417000.000000 3094000.000000
-5520000.000000 -2422000.000000 3100000.000000
-5520000.000000 -2422000.000000 3100000.000000
-5515000.000000 -2426000.000000 3105000.000000
-5515000.000000 -2426000.000000 3105000.000000
-5511000.000000 -2429000.000000 3110000.000000
-5511000.000000 -2429000.000000 3110000.000000
-5507000.000000 -2433000.000000 3115000.000000
-5507000.000000 -2433000.000000 3115000.000000
-5502000.000000 -2437000.000000 3119000.000000
-5502000.000000 -2437000.000000 3119000.000000
-5498000.000000 -2441000.000000 3124000.000000
-5498000.000000 -2441000.000000 3124000.000000
-5493000.000000 -2445000.000000 3129000.000000
-5493000.000000 -2445000.000000 3129000.000000
-5489000.000000 -2449000.000000 3134000.000000
-5489000.000000 -2449000.000000 3134000.000000
-5485000.000000 -2452000.000000 3138000.000000
-5485000.000000 -2452000.000000 3138000.000000
-5480000.000000 -2456000.000000 3144000.000000
-5480000.000000 -2456000.000000 3144000.000000
-5475000.000000 -2460000.000000 3149000.000000
-5475000.000000 -2460000.000000 3149000.000000
-5471000.000000 -2464000.000000 3154000.000000
-5471000.000000 -2464000.000000 3154000.000000
-5466000.000000 -2468000.000000 3159000.000000
-5466000.000000 -2468000.000000 3159000.000000
-5461000.000000 -2472000.000000 3163000.000000
-5461000.000000 -2472000.000000 3163000.000000
-5457000.000000 -2475000.000000 3168000.000000
-5457000.000000 -2475000.000000 3168000.000000
-5453000.000000 -2478000.000000 3172000.000000
-5453000.000000 -2478000.000000 3172000.000000
-5448000.000000 -2483000.000000 3178000.000000
-5448000.000000 -2483000.000000 3178000.000000
-5444000.000000 -2486000.000000 3182000.000000
-5444000.000000 -2486000.000000 3182000.000000
-5439000.000000 -2491000.000000 3188000.000000
-5439000.000000 -2491000.000000 3188000.000000
-5435000.000000 -2493000.000000 3191000.000000
-5435000.000000 -2493000.000000 3191000.000000
-5431000.000000 -2497000.000000 3196000.000000
-5431000.000000 -2497000.000000 3196000.000000
-5425000.000000 -2502000.000000 3202000.000000
-5425000.000000 -2502000.000000 3202000.000000
-5420000.000000 -2506000.000000 3207000.000000
-5420000.000000 -2506000.000000 3207000.000000
-5416000.000000 -2509000.000000 3212000.000000
-5416000.000000 -2509000.000000 3212000.000000
-5411000.000000 -2513000.000000 3217000.000000
-5411000.000000 -2513000.000000 3217000.000000
-5406000.000000 -2517000.000000 3222000.000000
-5406000.000000 -2517000.000000 3222000.000000
-5402000.000000 -2521000.000000 3226000.000000
-5402000.000000 -2521000.000000 3226000.000000
-5398000.000000 -2524000.000000 3230000.000000
-5398000.000000 -2524000.000000 3230000.000000
-5394000.000000 -2527000.000000 3235000.000000
-5394000.000000 -2527000.000000 3235000.000000
-5388000.000000 -2532000.000000 3241000.000000
-5388000.000000 -2532000.000000 3241000.000000
-5383000.000000 -2536000.000000 3246000.000000
-5383000.000000 -2536000.000000 3246000.000000
-5379000.000000 -2539000.000000 3250000.000000
-5379000.000000 -2539000.000000 3250000.000000
-5375000.000000 -2542000.000000 3254000.000000
-5375000.000000 -2542000.000000 3254000.000000
-5369000.000000 -2547000.000000 3260000.000000
-5369000.000000 -2547000.000000 3260000.000000
-5366000.000000 -2550000.000000 3264000.000000
-5366000.000000 -2550000.000000 3264000.000000
-5360000.000000 -2554000.000000 3270000.000000
-5360000.000000 -2554000.000000 3270000.000000
-5355000.000000 -2558000.000000 3274000.000000
-5355000.000000 -2558000.000000 3274000.000000
-5350000.000000 -2562000.000000 3279000.000000
-5350000.000000 -2562000.000000 3279000.000000
-5346000.000000 -2566000.000000 3284000.000000
-5346000.000000 -2566000.000000 3284000.000000
-5341000.000000 -2569000.000000 3289000.000000
-5341000.000000 -2569000.000000 3289000.000000
-5336000.000000 -2573000.000000 3293000.000000
-5336000.000000 -2573000.000000 3293000.000000
-5332000.000000 -2577000.000000 3298000.000000
-5332000.000000 -2577000.000000 3298000.000000
-5327000.000000 -2580000.000000 3303000.000000
-5327000.000000 -2580000.000000 3303000.000000
-5323000.000000 -2583000.000000 3306000.000000
-5323000.000000 -2583000.000000 3306000.000000
-5319000.000000 -2587000.000000 3311000.000000
-5319000.000000 -2587000.000000 3311000.000000
-5313000.000000 -2592000.000000 3317000.000000
-5313000.000000 -2592000.000000 3317000.000000
-5308000.000000 -2595000.000000 3322000.000000
-5308000.000000 -2595000.000000 3322000.000000
-5303000.000000 -2599000.000000 3327000.000000
-5303000.000000 -2599000.000000 3327000.000000
-5298000.000000 -2603000.000000 3331000.000000
-5298000.000000 -2603000.000000 3331000.000000
-5293000.000000 -2606000.000000 3336000.000000
-5293000.000000 -2606000.000000 3336000.000000
-5289000.000000 -2610000.000000 3341000.000000
-5289000.000000 -2610000.000000 3341000.000000
-5284000.000000 -2614000.000000 3345000.000000
-5284000.000000 -2614000.000000 3345000.000000
-5279000.000000 -2617000.000000 3350000.000000
-5279000.000000 -2617000.000000 3350000.000000
-5274000.000000 -2621000.000000 3355000.000000
-5274000.000000 -2621000.000000 3355000.000000
-5269000.000000 -2625000.000000 3360000.000000
-5269000.000000 -2625000.000000 3360000.000000
-5265000.000000 -2628000.000000 3364000.000000
-5265000.000000 -2628000.000000 3364000.000000
-5260000.000000 -2632000.000000 3369000.000000
-5260000.000000 -2632000.000000 3369000.000000
-5255000.000000 -2636000.000000 3374000.000000
-5255000.000000 -2636000.000000 3374000.000000
-5250000.000000 -2639000.000000 3378000.000000
-5250000.000000 -2639000.000000 3378000.000000
-5245000.000000 -2643000.000000 3383000.000000
-5245000.000000 -2643000.000000 3383000.000000
-5240000.000000 -2647000.000000 3388000.000000
-5240000.000000 -2647000.000000 3388000.000000
-5236000.000000 -2650000.000000 3392000.000000
-5236000.000000 -2650000.000000 3392000.000000
-5231000.000000 -2654000.000000 3397000.000000
-5231000.000000 -2654000.000000 3397000.000000
-5226000.000000 -2658000.000000 3402000.000000
-5226000.000000 -2658000.000000 3402000.000000
-5221000.000000 -2661000.000000 3406000.000000
-5221000.000000 -2661000.000000 3406000.000000
-5217000.000000 -2664000.000000 3410000.000000
-5217000.000000 -2664000.000000 3410000.000000
-5211000.000000 -2669000.000000 3416000.000000
-5211000.000000 -2669000.000000 3416000.000000
-5206000.000000 -2672000.000000 3420000.000000
-5206000.000000 -2672000.000000 3420000.000000
-5201000.000000 -2676000.000000 3425000.000000
-5201000.000000 -2676000.000000 3425000.000000
-5196000.000000 -2679000.000000 3430000.000000
-5196000.000000 -2679000.000000 3430000.000000
-5191000.000000 -2683000.000000 3434000.000000
-5191000.000000 -2683000.000000 3434000.000000
-5186000.000000 -2687000.000000 3439000.000000
-5186000.000000 -2687000.000000 3439000.000000
-5182000.000000 -2690000.000000 3443000.000000
-5182000.000000 -2690000.000000 3443000.000000
-5177000.000000 -2694000.000000 3448000.000000
-5177000.000000 -2694000.000000 3448000.000000
-5172000.000000 -2698000.000000 3453000.000000
-5172000.000000 -2698000.000000 3453000.000000
-5167000.000000 -2701000.000000 3457000.000000
-5167000.000000 -2701000.000000 3457000.000000
-5162000.000000 -2705000.000000 3462000.000000
-5162000.000000 -2705000.000000 3462000.000000
-5157000.000000 -2708000.000000 3466000.000000
-5157000.000000 -2708000.000000 3466000.000000
-5152000.000000 -2712000.000000 3471000.000000
-5152000.000000 -2712000.000000 3471000.000000
-5148000.000000 -2715000.000000 3475000.000000
-5148000.000000 -2715000.000000 3475000.000000
-5142000.000000 -2719000.000000 3480000.000000
-5142000.000000 -2719000.000000 3480000.000000
-5138000.000000 -2722000.000000 3484000.000000
-5138000.000000 -2722000.000000 3484000.000000
-5132000.000000 -2726000.000000 3489000.000000
-5132000.000000 -2726000.000000 3489000.000000
-5128000.000000 -2729000.000000 3493000.000000
-5128000.000000 -2729000.000000 3493000.000000
-5122000.000000 -2733000.000000 3499000.000000
-5122000.000000 -2733000.000000 3499000.000000
-5117000.000000 -2737000.000000 3503000.000000
-5117000.000000 -2737000.000000 3503000.000000
-5112000.000000 -2740000.000000 3508000.000000
-5112000.000000 -2740000.000000 3508000.000000
-5107000.000000 -2744000.000000 3512000.000000
-5107000.000000 -2744000.000000 3512000.000000
-5102000.000000 -2748000.000000 3517000.000000
-5102000.000000 -2748000.000000 3517000.000000
-5098000.000000 -2750000.000000 3520000.000000
-5098000.000000 -2750000.000000 3520000.000000
-5093000.000000 -2754000.000000 3525000.000000
-5093000.000000 -2754000.000000 3525000.000000
-5086000.000000 -2758000.000000 3530000.000000
-5086000.000000 -2758000.000000 3530000.000000
-5083000.000000 -2761000.000000 3534000.000000
-5083000.000000 -2761000.000000 3534000.000000
-5076000.000000 -2765000.000000 3539000.000000
-5076000.000000 -2765000.000000 3539000.000000
-5071000.000000 -2769000.000000 3544000.000000
-5071000.000000 -2769000.000000 3544000.000000
-5066000.000000 -2772000.000000 3548000.000000
-5066000.000000 -2772000.000000 3548000.000000
-5061000.000000 -2776000.000000 3553000.000000
-5061000.000000 -2776000.000000 3553000.000000
-5057000.000000 -2779000.000000 3556000.000000
-5057000.000000 -2779000.000000 3556000.000000
-5051000.000000 -2783000.000000 3562000.000000
-5051000.000000 -2783000.000000 3562000.000000
-5047000.000000 -2786000.000000 3565000.000000
-5047000.000000 -2786000.000000 3565000.000000
-5041000.000000 -2790000.000000 3571000.000000
-5041000.000000 -2790000.000000 3571000.000000
-5037000.000000 -2793000.000000 3574000.000000
-5037000.000000 -2793000.000000 3574000.000000
-5032000.000000 -2796000.000000 3579000.000000
-5032000.000000 -2796000.000000 3579000.000000
-5025000.000000 -2801000.000000 3584000.000000
-5025000.000000 -2801000.000000 3584000.000000
-5020000.000000 -2804000.000000 3589000.000000
-5020000.000000 -2804000.000000 3589000.000000
-5015000.000000 -2808000.000000 3593000.000000
-5015000.000000 -2808000.000000 3593000.000000
-5010000.000000 -2811000.000000 3598000.000000
-5010000.000000 -2811000.000000 3598000.000000
-5004000.000000 -2814000.000000 3602000.000000
-5004000.000000 -2814000.000000 3602000.000000
-4999000.000000 -2818000.000000 3607000.000000
-4999000.000000 -2818000.000000 3607000.000000
-4994000.000000 -2821000.000000 3611000.000000
-4994000.000000 -2821000.000000 3611000.000000
-4989000.000000 -2825000.000000 3616000.000000
-4989000.000000 -2825000.000000 3616000.000000
-4984000.000000 -2828000.000000 3620000.000000
-4984000.000000 -2828000.000000 3620000.000000
-4980000.000000 -2831000.000000 3624000.000000
-4980000.000000 -2831000.000000 3624000.000000
-4975000.000000 -2834000.000000 3628000.000000
-4975000.000000 -2834000.000000 3628000.000000
-4969000.000000 -2838000.000000 3632000.000000
-4969000.000000 -2838000.000000 3632000.000000
-4963000.000000 -2842000.000000 3638000.000000
-4963000.000000 -2842000.000000 3638000.000000
-4958000.000000 -2846000.000000 3642000.000000
-4958000.000000 -2846000.000000 3642000.000000
-4952000.000000 -2849000.000000 3647000.000000
-4952000.000000 -2849000.000000 3647000.000000
-4949000.000000 -2852000.000000 3650000.000000
-4949000.000000 -2852000.000000 3650000.000000
-4942000.000000 -2856000.000000 3656000.000000
-4942000.000000 -2856000.000000 3656000.000000
-4938000.000000 -2859000.000000 3659000.000000
-4938000.000000 -2859000.000000 3659000.000000
-4931000.000000 -2863000.000000 3665000.000000
-4931000.000000 -2863000.000000 3665000.000000
-4926000.000000 -2866000.000000 3669000.000000
-4926000.000000 -2866000.000000 3669000.000000
-4921000.000000 -2870000.000000 3673000.000000
-4921000.000000 -2870000.000000 3673000.000000
-4916000.000000 -2873000.000000 3678000.000000
-4916000.000000 -2873000.000000 3678000.000000
-4910000.000000 -2877000.000000 3682000.000000
-4910000.000000 -2877000.000000 3682000.000000
-4905000.000000 -2880000.000000 3686000.000000
-4905000.000000 -2880000.000000 3686000.000000
-4900000.000000 -2883000.000000 3691000.000000
-4900000.000000 -2883000.000000 3691000.000000
-4894000.000000 -2887000.000000 3695000.000000
-4894000.000000 -2887000.000000 3695000.000000
-4889000.000000 -2890000.000000 3699000.000000
-4889000.000000 -2890000.000000 3699000.000000
-4884000.000000 -2894000.000000 3704000.000000
-4884000.000000 -2894000.000000 3704000.000000
-4879000.000000 -2897000.000000 3708000.000000
-4879000.000000 -2897000.000000 3708000.000000
-4873000.000000 -2900000.000000 3712000.000000
-4873000.000000 -2900000.000000 3712000.000000
-4868000.000000 -2904000.000000 3717000.000000
-4868000.000000 -2904000.000000 3717000.000000
-4863000.000000 -2907000.000000 3721000.000000
-4863000.000000 -2907000.000000 3721000.000000
-4857000.000000 -2911000.000000 3725000.000000
-4857000.000000 -2911000.000000 3725000.000000
-4852000.000000 -2914000.000000 3730000.000000
-4852000.000000 -2914000.000000 3730000.000000
-4846000.000000 -2917000.000000 3734000.000000
-4846000.000000 -2917000.000000 3734000.000000
-4842000.000000 -2920000.000000 3737000.000000
-4842000.000000 -2920000.000000 3737000.000000
-4836000.000000 -2924000.000000 3743000.000000
-4836000.000000 -2924000.000000 3743000.000000
-4830000.000000 -2928000.000000 3747000.000000
-4830000.000000 -2928000.000000 3747000.000000
-4825000.000000 -2931000.000000 3751000.000000
-4825000.000000 -2931000.000000 3751000.000000
-4821000.000000 -2933000.000000 3755000.000000
-4821000.000000 -2933000.000000 3755000.000000
-4814000.000000 -2938000.000000 3760000.000000
-4814000.000000 -2938000.000000 3760000.000000
-4809000.000000 -2941000.000000 3764000.000000
-4809000.000000 -2941000.000000 3764000.000000
-4803000.000000 -2944000.000000 3769000.000000
-4803000.000000 -2944000.000000 3769000.000000
-4798000.000000 -2948000.000000 3773000.000000
-4798000.000000 -2948000.000000 3773000.000000
-4793000.000000 -2951000.000000 3777000.000000
-4793000.000000 -2951000.000000 3777000.000000
-4787000.000000 -2954000.000000 3781000.000000
-4787000.000000 -2954000.000000 3781000.000000
-4782000.000000 -2958000.000000 3786000.000000
-4782000.000000 -2958000.000000 3786000.000000
-4778000.000000 -2960000.000000 3789000.000000
-4778000.000000 -2960000.000000 3789000.000000
-4772000.000000 -2963000.000000 3793000.000000
-4772000.000000 -2963000.000000 3793000.000000
-4765000.000000 -2968000.000000 3798000.000000
-4765000.000000 -2968000.000000 3798000.000000
-4760000.000000 -2971000.000000 3803000.000000
-4760000.000000 -2971000.000000 3803000.000000
-4754000.000000 -2974000.000000 3807000.000000
-4754000.000000 -2974000.000000 3807000.000000
-4749000.000000 -2978000.000000 3811000.000000
-4749000.000000 -2978000.000000 3811000.000000
-4744000.000000 -2981000.000000 3815000.000000
-4744000.000000 -2981000.000000 3815000.000000
-4738000.000000 -2984000.000000 3820000.000000
-4738000.000000 -2984000.000000 3820000.000000
-4733000.000000 -2987000.000000 3824000.000000
-4733000.000000 -2987000.000000 3824000.000000
-4727000.000000 -2991000.000000 3828000.000000
-4727000.000000 -2991000.000000 3828000.000000
-4723000.000000 -2993000.000000 3831000.000000
-4723000.000000 -2993000.000000 3831000.000000
-4717000.000000 -2997000.000000 3835000.000000
-4717000.000000 -2997000.000000 3835000.000000
-4712000.000000 -3000000.000000 3840000.000000
-4712000.000000 -3000000.000000 3840000.000000
-4706000.000000 -3003000.000000 3844000.000000
-4706000.000000 -3003000.000000 3844000.000000
-4701000.000000 -3006000.000000 3848000.000000
-4701000.000000 -3006000.000000 3848000.000000
-4695000.000000 -3010000.000000 3852000.000000
-4695000.000000 -3010000.000000 3852000.000000
-4688000.000000 -3014000.000000 3857000.000000
-4688000.000000 -3014000.000000 3857000.000000
-4683000.000000 -3017000.000000 3862000.000000
-4683000.000000 -3017000.000000 3862000.000000
-4677000.000000 -3020000.000000 3866000.000000
-4677000.000000 -3020000.000000 3866000.000000
-4673000.000000 -3023000.000000 3869000.000000
-4673000.000000 -3023000.000000 3869000.000000
-4666000.000000 -3027000.000000 3874000.000000
-4666000.000000 -3027000.000000 3874000.000000
-4661000.000000 -3030000.000000 3878000.000000
-4661000.000000 -3030000.000000 3878000.000000
-4656000.000000 -3032000.000000 3881000.000000
-4656000.000000 -3032000.000000 3881000.000000
-4650000.000000 -3036000.000000 3887000.000000
-4650000.000000 -3036000.000000 3887000.000000
-4645000.000000 -3039000.000000 3890000.000000
-4645000.000000 -3039000.000000 3890000.000000
-4640000.000000 -3042000.000000 3894000.000000
-4640000.000000 -3042000.000000 3894000.000000
-4634000.000000 -3045000.000000 3898000.000000
-4634000.000000 -3045000.000000 3898000.000000
-4627000.000000 -3049000.000000 3903000.000000
-4627000.000000 -3049000.000000 3903000.000000
-4622000.000000 -3053000.000000 3907000.000000
-4622000.000000 -3053000.000000 3907000.000000
-4616000.000000 -3056000.000000 3911000.000000
-4616000.000000 -3056000.000000 3911000.000000
-4610000.000000 -3059000.000000 3915000.000000
-4610000.000000 -3059000.000000 3915000.000000
-4605000.000000 -3062000.000000 3920000.000000
-4605000.000000 -3062000.000000 3920000.000000
-4599000.000000 -3065000.000000 3924000.000000
-4599000.000000 -3065000.000000 3924000.000000
-4593000.000000 -3069000.000000 3928000.000000
-4593000.000000 -3069000.000000 3928000.000000
-4588000.000000 -3072000.000000 3932000.000000
-4588000.000000 -3072000.000000 3932000.000000
-4582000.000000 -3075000.000000 3936000.000000
-4582000.000000 -3075000.000000 3936000.000000
-4576000.000000 -3078000.000000 3940000.000000
-4576000.000000 -3078000.000000 3940000.000000
-4571000.000000 -3081000.000000 3944000.000000
-4571000.000000 -3081000.000000 3944000.000000
-4565000.000000 -3085000.000000 3948000.000000
-4565000.000000 -3085000.000000 3948000.000000
-4561000.000000 -3087000.000000 3951000.000000
-4561000.000000 -3087000.000000 3951000.000000
-4554000.000000 -3091000.000000 3956000.000000
-4554000.000000 -3091000.000000 3956000.000000
-4548000.000000 -3094000.000000 3960000.000000
-4548000.000000 -3094000.000000 3960000.000000
-4544000.000000 -3097000.000000 3963000.000000
-4544000.000000 -3097000.000000 3963000.000000
-4538000.000000 -3100000.000000 3967000.000000
-4538000.000000 -3100000.000000 3967000.000000
-4531000.000000 -3104000.000000 3972000.000000
-4531000.000000 -3104000.000000 3972000.000000
-4525000.000000 -3107000.000000 3976000.000000
-4525000.000000 -3107000.000000 3976000.000000
-4521000.000000 -3109000.000000 3980000.000000
-4521000.000000 -3109000.000000 3980000.000000
-4514000.000000 -3113000.000000 3985000.000000
-4514000.000000 -3113000.000000 3985000.000000
-4508000.000000 -3116000.000000 3989000.000000
-4508000.000000 -3116000.000000 3989000.000000
-4504000.000000 -3119000.000000 3992000.000000
-4504000.000000 -3119000.000000 3992000.000000
-4497000.000000 -3122000.000000 3997000.000000
-4497000.000000 -3122000.000000 3997000.000000
-4491000.000000 -3126000.000000 4001000.000000
-4491000.000000 -3126000.000000 4001000.000000
-4485000.000000 -3129000.000000 4005000.000000
-4485000.000000 -3129000.000000 4005000.000000
-4481000.000000 -3131000.000000 4008000.000000
-4481000.000000 -3131000.000000 4008000.000000
-4474000.000000 -3135000.000000 4013000.000000
-4474000.000000 -3135000.000000 4013000.000000
-4468000.000000 -3138000.000000 4017000.000000
-4468000.000000 -3138000.000000 4017000.000000
-4462000.000000 -3141000.000000 4021000.000000
-4462000.000000 -3141000.000000 4021000.000000
-4458000.000000 -3144000.000000 4024000.000000
-4458000.000000 -3144000.000000 4024000.000000
-4451000.000000 -3147000.000000 4029000.000000
-4451000.000000 -3147000.000000 4029000.000000
-4445000.000000 -3151000.000000 4032000.000000
-4445000.000000 -3151000.000000 4032000.000000
-4439000.000000 -3154000.000000 4036000.000000
-4439000.000000 -3154000.000000 4036000.000000
-4433000.000000 -3157000.000000 4040000.000000
-4433000.000000 -3157000.000000 4040000.000000
-4429000.000000 -3159000.000000 4043000.000000
-4429000.000000 -3159000.000000 4043000.000000
-4422000.000000 -3163000.000000 4048000.000000
-4422000.000000 -3163000.000000 4048000.000000
-4416000.000000 -3166000.000000 4052000.000000
-4416000.000000 -3166000.000000 4052000.000000
-4410000.000000 -3169000.000000 4056000.000000
-4410000.000000 -3169000.000000 4056000.000000
-4406000.000000 -3171000.000000 4059000.000000
-4406000.000000 -3171000.000000 4059000.000000
-4400000.000000 -3174000.000000 4063000.000000
-4400000.000000 -3174000.000000 4063000.000000
-4393000.000000 -3178000.000000 4068000.000000
-4393000.000000 -3178000.000000 4068000.000000
-4387000.000000 -3181000.000000 4072000.000000
-4387000.000000 -3181000.000000 4072000.000000
-4381000.000000 -3184000.000000 4076000.000000
-4381000.000000 -3184000.000000 4076000.000000
-4376000.000000 -3187000.000000 4079000.000000
-4376000.000000 -3187000.000000 4079000.000000
-4371000.000000 -3190000.000000 4083000.000000
-4371000.000000 -3190000.000000 4083000.000000
-4363000.000000 -3193000.000000 4087000.000000
-4363000.000000 -3193000.000000 4087000.000000
-4357000.000000 -3197000.000000 4091000.000000
-4357000.000000 -3197000.000000 4091000.000000
-4351000.000000 -3200000.000000 4095000.000000
-4351000.000000 -3200000.000000 4095000.000000
-4346000.000000 -3203000.000000 4099000.000000
-4346000.000000 -3203000.000000 4099000.000000
-4340000.000000 -3206000.000000 4103000.000000
-4340000.000000 -3206000.000000 4103000.000000
-4334000.000000 -3209000.000000 4107000.000000
-4334000.000000 -3209000.000000 4107000.000000
-4329000.000000 -3211000.000000 4110000.000000
-4329000.000000 -3211000.000000 4110000.000000
-4322000.000000 -3215000.000000 4115000.000000
-4322000.000000 -3215000.000000 4115000.000000
-4316000.000000 -3218000.000000 4118000.000000
-4316000.000000 -3218000.000000 4118000.000000
-4310000.000000 -3221000.000000 4122000.000000
-4310000.000000 -3221000.000000 4122000.000000
-4304000.000000 -3224000.000000 4126000.000000
-4304000.000000 -3224000.000000 4126000.000000
-4298000.000000 -3227000.000000 4130000.000000
-4298000.000000 -3227000.000000 4130000.000000
-4292000.000000 -3230000.000000 4134000.000000
-4292000.000000 -3230000.000000 4134000.000000
-4288000.000000 -3232000.000000 4137000.000000
-4288000.000000 -3232000.000000 4137000.000000
-4281000.000000 -3236000.000000 4141000.000000
-4281000.000000 -3236000.000000 4141000.000000
-4275000.000000 -3239000.000000 4145000.000000
-4275000.000000 -3239000.000000 4145000.000000
-4269000.000000 -3242000.000000 4149000.000000
-4269000.000000 -3242000.000000 4149000.000000
-4263000.000000 -3245000.000000 4153000.000000
-4263000.000000 -3245000.000000 4153000.000000
-4257000.000000 -3248000.000000 4157000.000000
-4257000.000000 -3248000.000000 4157000.000000
-4251000.000000 -3250000.000000 4160000.000000
-4251000.000000 -3250000.000000 4160000.000000
-4245000.000000 -3253000.000000 4164000.000000
-4245000.000000 -3253000.000000 4164000.000000
-4240000.000000 -3256000.000000 4167000.000000
-4240000.000000 -3256000.000000 4167000.000000
-4234000.000000 -3259000.000000 4171000.000000
-4234000.000000 -3259000.000000 4171000.000000
-4228000.000000 -3262000.000000 4175000.000000
-4228000.000000 -3262000.000000 4175000.000000
-4221000.000000 -3265000.000000 4179000.000000
-4221000.000000 -3265000.000000 4179000.000000
-4216000.000000 -3267000.000000 4182000.000000
-4216000.000000 -3267000.000000 4182000.000000
-4209000.000000 -3271000.000000 4187000.000000
-4209000.000000 -3271000.000000 4187000.000000
-4204000.000000 -3273000.000000 4190000.000000
-4204000.000000 -3273000.000000 4190000.000000
-4198000.000000 -3276000.000000 4193000.000000
-4198000.000000 -3276000.000000 4193000.000000
-4191000.000000 -3280000.000000 4198000.000000
-4191000.000000 -3280000.000000 4198000.000000
-4186000.000000 -3282000.000000 4201000.000000
-4186000.000000 -3282000.000000 4201000.000000
-4180000.000000 -3285000.000000 4205000.000000
-4180000.000000 -3285000.000000 4205000.000000
-4173000.000000 -3289000.000000 4209000.000000
-4173000.000000 -3289000.000000 4209000.000000
-4168000.000000 -3291000.000000 4212000.000000
-4168000.000000 -3291000.000000 4212000.000000
-4162000.000000 -3294000.000000 4216000.000000
-4162000.000000 -3294000.000000 4216000.000000
-4154000.000000 -3297000.000000 4220000.000000
-4154000.000000 -3297000.000000 4220000.000000
-4148000.000000 -3300000.000000 4224000.000000
-4148000.000000 -3300000.000000 4224000.000000
-4142000.000000 -3303000.000000 4228000.000000
-4142000.000000 -3303000.000000 4228000.000000
-4136000.000000 -3306000.000000 4231000.000000
-4136000.000000 -3306000.000000 4231000.000000
-4132000.000000 -3308000.000000 4234000.000000
-4132000.000000 -3308000.000000 4234000.000000
-4126000.000000 -3311000.000000 4238000.000000
-4126000.000000 -3311000.000000 4238000.000000
-4118000.000000 -3315000.000000 4242000.000000
-4118000.000000 -3315000.000000 4242000.000000
-4112000.000000 -3317000.000000 4246000.000000
-4106000.000000 -3320000.000000 4250000.000000
-4106000.000000 -3320000.000000 4250000.000000
-4101000.000000 -3323000.000000 4253000.000000
-4101000.000000 -3323000.000000 4253000.000000
-4095000.000000 -3325000.000000 4256000.000000
-4095000.000000 -3325000.000000 4256000.000000
-4087000.000000 -3329000.000000 4261000.000000
-4087000.000000 -3329000.000000 4261000.000000
-4083000.000000 -3331000.000000 4263000.000000
-4083000.000000 -3331000.000000 4263000.000000
-4075000.000000 -3335000.000000 4268000.000000
-4075000.000000 -3335000.000000 4268000.000000
-4071000.000000 -3337000.000000 4271000.000000
-4071000.000000 -3337000.000000 4271000.000000
-4065000.000000 -3340000.000000 4274000.000000
-4065000.000000 -3340000.000000 4274000.000000
-4058000.000000 -3342000.000000 4278000.000000
-4058000.000000 -3342000.000000 4278000.000000
-4052000.000000 -3345000.000000 4282000.000000
-4052000.000000 -3345000.000000 4282000.000000
-4045000.000000 -3349000.000000 4286000.000000
-4045000.000000 -3349000.000000 4286000.000000
-4038000.000000 -3352000.000000 4290000.000000
-4038000.000000 -3352000.000000 4290000.000000
-4032000.000000 -3354000.000000 4293000.000000
-4032000.000000 -3354000.000000 4293000.000000
-4026000.000000 -3357000.000000 4297000.000000
-4026000.000000 -3357000.000000 4297000.000000
-4020000.000000 -3360000.000000 4301000.000000
-4020000.000000 -3360000.000000 4301000.000000
-4015000.000000 -3362000.000000 4303000.000000
-4015000.000000 -3362000.000000 4303000.000000
-4008000.000000 -3366000.000000 4308000.000000
-4008000.000000 -3366000.000000 4308000.000000
-4003000.000000 -3368000.000000 4310000.000000
-4003000.000000 -3368000.000000 4310000.000000
-3997000.000000 -3370000.000000 4314000.000000
-3997000.000000 -3370000.000000 4314000.000000
-3991000.000000 -3373000.000000 4317000.000000
-3991000.000000 -3373000.000000 4317000.000000
-3983000.000000 -3377000.000000 4322000.000000
-3983000.000000 -3377000.000000 4322000.000000
-3976000.000000 -3379000.000000 4326000.000000
-3976000.000000 -3379000.000000 4326000.000000
-3970000.000000 -3382000.000000 4329000.000000
-3970000.000000 -3382000.000000 4329000.000000
-3964000.000000 -3385000.000000 4333000.000000
-3964000.000000 -3385000.000000 4333000.000000
-3959000.000000 -3387000.000000 4335000.000000
-3959000.000000 -3387000.000000 4335000.000000
-3953000.000000 -3390000.000000 4339000.000000
-3953000.000000 -3390000.000000 4339000.000000
-3945000.000000 -3393000.000000 4343000.000000
-3945000.000000 -3393000.000000 4343000.000000
-3939000.000000 -3396000.000000 4347000.000000
-3939000.000000 -3396000.000000 4347000.000000
-3933000.000000 -3399000.000000 4350000.000000
-3933000.000000 -3399000.000000 4350000.000000
-3927000.000000 -3401000.000000 4354000.000000
-3927000.000000 -3401000.000000 4354000.000000
-3922000.000000 -3404000.000000 4356000.000000
-3922000.000000 -3404000.000000 4356000.000000
-3914000.000000 -3407000.000000 4361000.000000
-3914000.000000 -3407000.000000 4361000.000000
-3909000.000000 -3409000.000000 4363000.000000
-3909000.000000 -3409000.000000 4363000.000000
-3903000.000000 -3412000.000000 4367000.000000
-3903000.000000 -3412000.000000 4367000.000000
-3895000.000000 -3415000.000000 4371000.000000
-3895000.000000 -3415000.000000 4371000.000000
-3891000.000000 -3417000.000000 4374000.000000
-3891000.000000 -3417000.000000 4374000.000000
-3883000.000000 -3420000.000000 4378000.000000
-3883000.000000 -3420000.000000 4378000.000000
-3877000.000000 -3423000.000000 4381000.000000
-3877000.000000 -3423000.000000 4381000.000000
-3870000.000000 -3426000.000000 4385000.000000
-3870000.000000 -3426000.000000 4385000.000000
-3866000.000000 -3428000.000000 4388000.000000
-3866000.000000 -3428000.000000 4388000.000000
-3858000.000000 -3431000.000000 4392000.000000
-3858000.000000 -3431000.000000 4392000.000000
-3853000.000000 -3433000.000000 4394000.000000
-3853000.000000 -3433000.000000 4394000.000000
-3847000.000000 -3436000.000000 4398000.000000
-3847000.000000 -3436000.000000 4398000.000000
-3839000.000000 -3439000.000000 4402000.000000
-3839000.000000 -3439000.000000 4402000.000000
-3832000.000000 -3442000.000000 4406000.000000
-3832000.000000 -3442000.000000 4406000.000000
-3826000.000000 -3445000.000000 4409000.000000
-3826000.000000 -3445000.000000 4409000.000000
-3820000.000000 -3447000.000000 4412000.000000
-3820000.000000 -3447000.000000 4412000.000000
-3813000.000000 -3450000.000000 4416000.000000
-3813000.000000 -3450000.000000 4416000.000000
-3807000.000000 -3453000.000000 4419000.000000
-3807000.000000 -3453000.000000 4419000.000000
-3801000.000000 -3455000.000000 4423000.000000
-3801000.000000 -3455000.000000 4423000.000000
-3794000.000000 -3458000.000000 4426000.000000
-3794000.000000 -3458000.000000 4426000.000000
-3788000.000000 -3461000.000000 4429000.000000
-3788000.000000 -3461000.000000 4429000.000000
-3783000.000000 -3463000.000000 4432000.000000
-3783000.000000 -3463000.000000 4432000.000000
-3775000.000000 -3466000.000000 4436000.000000
-3775000.000000 -3466000.000000 4436000.000000
-3769000.000000 -3468000.000000 4439000.000000
-3769000.000000 -3468000.000000 4439000.000000
-3764000.000000 -3470000.000000 4442000.000000
-3764000.000000 -3470000.000000 4442000.000000
-3756000.000000 -3474000.000000 4446000.000000
-3756000.000000 -3474000.000000 4446000.000000
-3750000.000000 -3476000.000000 4449000.000000
-3750000.000000 -3476000.000000 4449000.000000
-3743000.000000 -3479000.000000 4453000.000000
-3743000.000000 -3479000.000000 4453000.000000
-3737000.000000 -3482000.000000 4456000.000000
-3737000.000000 -3482000.000000 4456000.000000
-3732000.000000 -3483000.000000 4459000.000000
-3732000.000000 -3483000.000000 4459000.000000
-3724000.000000 -3487000.000000 4463000.000000
-3724000.000000 -3487000.000000 4463000.000000
-3718000.000000 -3489000.000000 4466000.000000
-3718000.000000 -3489000.000000 4466000.000000
-3713000.000000 -3491000.000000 4469000.000000
-3713000.000000 -3491000.000000 4469000.000000
-3705000.000000 -3494000.000000 4473000.000000
-3705000.000000 -3494000.000000 4473000.000000
-3698000.000000 -3497000.000000 4476000.000000
-3698000.000000 -3497000.000000 4476000.000000
-3692000.000000 -3500000.000000 4479000.000000
-3692000.000000 -3500000.000000 4479000.000000
-3686000.000000 -3502000.000000 4483000.000000
-3686000.000000 -3502000.000000 4483000.000000
-3681000.000000 -3504000.000000 4485000.000000
-3681000.000000 -3504000.000000 4485000.000000
-3673000.000000 -3507000.000000 4489000.000000
-3673000.000000 -3507000.000000 4489000.000000
-3666000.000000 -3510000.000000 4492000.000000
-3666000.000000 -3510000.000000 4492000.000000
-3661000.000000 -3512000.000000 4495000.000000
-3661000.000000 -3512000.000000 4495000.000000
-3653000.000000 -3515000.000000 4499000.000000
-3653000.000000 -3515000.000000 4499000.000000
-3649000.000000 -3517000.000000 4501000.000000
-3649000.000000 -3517000.000000 4501000.000000
-3640000.000000 -3520000.000000 4506000.000000
-3640000.000000 -3520000.000000 4506000.000000
-3634000.000000 -3523000.000000 4509000.000000
-3634000.000000 -3523000.000000 4509000.000000
-3629000.000000 -3525000.000000 4511000.000000
-3629000.000000 -3525000.000000 4511000.000000
-3621000.000000 -3528000.000000 4515000.000000
-3621000.000000 -3528000.000000 4515000.000000
-3616000.000000 -3530000.000000 4518000.000000
-3616000.000000 -3530000.000000 4518000.000000
-3608000.000000 -3533000.000000 4522000.000000
-3608000.000000 -3533000.000000 4522000.000000
-3603000.000000 -3535000.000000 4524000.000000
-3603000.000000 -3535000.000000 4524000.000000
-3595000.000000 -3538000.000000 4528000.000000
-3595000.000000 -3538000.000000 4528000.000000
-3589000.000000 -3540000.000000 4531000.000000
-3589000.000000 -3540000.000000 4531000.000000
-3582000.000000 -3543000.000000 4534000.000000
-3582000.000000 -3543000.000000 4534000.000000
-3575000.000000 -3545000.000000 4538000.000000
-3575000.000000 -3545000.000000 4538000.000000
-3569000.000000 -3548000.000000 4541000.000000
-3569000.000000 -3548000.000000 4541000.000000
-3562000.000000 -3550000.000000 4544000.000000
-3562000.000000 -3550000.000000 4544000.000000
-3558000.000000 -3552000.000000 4546000.000000
-3558000.000000 -3552000.000000 4546000.000000
-3549000.000000 -3555000.000000 4550000.000000
-3549000.000000 -3555000.000000 4550000.000000
-3545000.000000 -3557000.000000 4553000.000000
-3545000.000000 -3557000.000000 4553000.000000
-3538000.000000 -3559000.000000 4556000.000000
-3538000.000000 -3559000.000000 4556000.000000
-3530000.000000 -3563000.000000 4560000.000000
-3530000.000000 -3563000.000000 4560000.000000
-3523000.000000 -3565000.000000 4563000.000000
-3523000.000000 -3565000.000000 4563000.000000
-3518000.000000 -3567000.000000 4565000.000000
-3518000.000000 -3567000.000000 4565000.000000
-3512000.000000 -3569000.000000 4568000.000000
-3512000.000000 -3569000.000000 4568000.000000
-3504000.000000 -3572000.000000 4572000.000000
-3504000.000000 -3572000.000000 4572000.000000
-3497000.000000 -3575000.000000 4575000.000000
-3497000.000000 -3575000.000000 4575000.000000
-3490000.000000 -3577000.000000 4579000.000000
-3490000.000000 -3577000.000000 4579000.000000
-3484000.000000 -3580000.000000 4582000.000000
-3484000.000000 -3580000.000000 4582000.000000
-3477000.000000 -3582000.000000 4585000.000000
-3477000.000000 -3582000.000000 4585000.000000
-3472000.000000 -3584000.000000 4587000.000000
-3472000.000000 -3584000.000000 4587000.000000
-3466000.000000 -3586000.000000 4590000.000000
-3466000.000000 -3586000.000000 4590000.000000
-3458000.000000 -3589000.000000 4594000.000000
-3458000.000000 -3589000.000000 4594000.000000
-3453000.000000 -3591000.000000 4596000.000000
-3453000.000000 -3591000.000000 4596000.000000
-3444000.000000 -3594000.000000 4600000.000000
-3444000.000000 -3594000.000000 4600000.000000
-3438000.000000 -3596000.000000 4603000.000000
-3438000.000000 -3596000.000000 4603000.000000
-3433000.000000 -3598000.000000 4606000.000000
-3433000.000000 -3598000.000000 4606000.000000
-3426000.000000 -3601000.000000 4609000.000000
-3426000.000000 -3601000.000000 4609000.000000
-3420000.000000 -3603000.000000 4612000.000000
-3420000.000000 -3603000.000000 4612000.000000
-3411000.000000 -3606000.000000 4616000.000000
-3411000.000000 -3606000.000000 4616000.000000
-3406000.000000 -3608000.000000 4618000.000000
-3406000.000000 -3608000.000000 4618000.000000
-3398000.000000 -3611000.000000 4622000.000000
-3398000.000000 -3611000.000000 4622000.000000
-3391000.000000 -3613000.000000 4625000.000000
-3391000.000000 -3613000.000000 4625000.000000
-3385000.000000 -3616000.000000 4628000.000000
-3385000.000000 -3616000.000000 4628000.000000
-3378000.000000 -3618000.000000 4631000.000000
-3378000.000000 -3618000.000000 4631000.000000
-3371000.000000 -3620000.000000 4634000.000000
-3371000.000000 -3620000.000000 4634000.000000
-3366000.000000 -3622000.000000 4636000.000000
-3366000.000000 -3622000.000000 4636000.000000
-3358000.000000 -3625000.000000 4640000.000000
-3358000.000000 -3625000.000000 4640000.000000
-3351000.000000 -3627000.000000 4643000.000000
-3351000.000000 -3627000.000000 4643000.000000
-3345000.000000 -3630000.000000 4646000.000000
-3345000.000000 -3630000.000000 4646000.000000
-3338000.000000 -3632000.000000 4649000.000000
-3338000.000000 -3632000.000000 4649000.000000
-3331000.000000 -3634000.000000 4652000.000000
-3331000.000000 -3634000.000000 4652000.000000
-3326000.000000 -3636000.000000 4654000.000000
-3326000.000000 -3636000.000000 4654000.000000
-3318000.000000 -3639000.000000 4658000.000000
-3318000.000000 -3639000.000000 4658000.000000
-3313000.000000 -3641000.000000 4660000.000000
-3313000.000000 -3641000.000000 4660000.000000
-3305000.000000 -3643000.000000 4663000.000000
-3305000.000000 -3643000.000000 4663000.000000
-3298000.000000 -3646000.000000 4666000.000000
-3298000.000000 -3646000.000000 4666000.000000
-3291000.000000 -3648000.000000 4669000.000000
-3291000.000000 -3648000.000000 4669000.000000
-3285000.000000 -3650000.000000 4672000.000000
-3285000.000000 -3650000.000000 4672000.000000
-3278000.000000 -3653000.000000 4675000.000000
-3278000.000000 -3653000.000000 4675000.000000
-3271000.000000 -3655000.000000 4678000.000000
-3271000.000000 -3655000.000000 4678000.000000
-3266000.000000 -3657000.000000 4680000.000000
-3266000.000000 -3657000.000000 4680000.000000
-3258000.000000 -3659000.000000 4684000.000000
-3258000.000000 -3659000.000000 4684000.000000
-3251000.000000 -3662000.000000 4687000.000000
-3251000.000000 -3662000.000000 4687000.000000
-3244000.000000 -3664000.000000 4690000.000000
-3244000.000000 -3664000.000000 4690000.000000
-3238000.000000 -3666000.000000 4693000.000000
-3238000.000000 -3666000.000000 4693000.000000
-3231000.000000 -3669000.000000 4695000.000000
-3231000.000000 -3669000.000000 4695000.000000
-3224000.000000 -3671000.000000 4698000.000000
-3224000.000000 -3671000.000000 4698000.000000
-3217000.000000 -3673000.000000 4701000.000000
-3217000.000000 -3673000.000000 4701000.000000
-3211000.000000 -3675000.000000 4704000.000000
-3211000.000000 -3675000.000000 4704000.000000
-3204000.000000 -3677000.000000 4707000.000000
-3204000.000000 -3677000.000000 4707000.000000
-3197000.000000 -3680000.000000 4710000.000000
-3197000.000000 -3680000.000000 4710000.000000
-3190000.000000 -3682000.000000 4713000.000000
-3190000.000000 -3682000.000000 4713000.000000
-3183000.000000 -3684000.000000 4715000.000000
-3183000.000000 -3684000.000000 4715000.000000
-3178000.000000 -3686000.000000 4718000.000000
-3178000.000000 -3686000.000000 4718000.000000
-3172000.000000 -3688000.000000 4720000.000000
-3172000.000000 -3688000.000000 4720000.000000
-3163000.000000 -3691000.000000 4724000.000000
-3163000.000000 -3691000.000000 4724000.000000
-3156000.000000 -3693000.000000 4727000.000000
-3156000.000000 -3693000.000000 4727000.000000
-3150000.000000 -3695000.000000 4730000.000000
-3150000.000000 -3695000.000000 4730000.000000
-3144000.000000 -3697000.000000 4732000.000000
-3144000.000000 -3697000.000000 4732000.000000
-3136000.000000 -3700000.000000 4735000.000000
-3136000.000000 -3700000.000000 4735000.000000
-3129000.000000 -3702000.000000 4738000.000000
-3129000.000000 -3702000.000000 4738000.000000
-3122000.000000 -3704000.000000 4741000.000000
-3122000.000000 -3704000.000000 4741000.000000
-3117000.000000 -3706000.000000 4743000.000000
-3117000.000000 -3706000.000000 4743000.000000
-3109000.000000 -3708000.000000 4746000.000000
-3109000.000000 -3708000.000000 4746000.000000
-3102000.000000 -3710000.000000 4749000.000000
-3102000.000000 -3710000.000000 4749000.000000
-3095000.000000 -3713000.000000 4752000.000000
-3095000.000000 -3713000.000000 4752000.000000
-3088000.000000 -3715000.000000 4755000.000000
-3088000.000000 -3715000.000000 4755000.000000
-3081000.000000 -3717000.000000 4757000.000000
-3081000.000000 -3717000.000000 4757000.000000
-3076000.000000 -3718000.000000 4759000.000000
-3076000.000000 -3718000.000000 4759000.000000
-3070000.000000 -3721000.000000 4762000.000000
-3070000.000000 -3721000.000000 4762000.000000
-3061000.000000 -3723000.000000 4766000.000000
-3061000.000000 -3723000.000000 4766000.000000
-3054000.000000 -3725000.000000 4768000.000000
-3054000.000000 -3725000.000000 4768000.000000
-3047000.000000 -3728000.000000 4771000.000000
-3047000.000000 -3728000.000000 4771000.000000
-3040000.000000 -3730000.000000 4774000.000000
-3040000.000000 -3730000.000000 4774000.000000
-3034000.000000 -3732000.000000 4776000.000000
-3034000.000000 -3732000.000000 4776000.000000
-3027000.000000 -3734000.000000 4779000.000000
-3027000.000000 -3734000.000000 4779000.000000
-3020000.000000 -3736000.000000 4782000.000000
-3020000.000000 -3736000.000000 4782000.000000
-3013000.000000 -3738000.000000 4785000.000000
-3013000.000000 -3738000.000000 4785000.000000
-3006000.000000 -3740000.000000 4787000.000000
-3006000.000000 -3740000.000000 4787000.000000
-2999000.000000 -3742000.000000 4790000.000000
-2999000.000000 -3742000.000000 4790000.000000
-2992000.000000 -3744000.000000 4793000.000000
-2992000.000000 -3744000.000000 4793000.000000
-2987000.000000 -3746000.000000 4795000.000000
-2987000.000000 -3746000.000000 4795000.000000
-2979000.000000 -3749000.000000 4798000.000000
-2979000.000000 -3749000.000000 4798000.000000
-2972000.000000 -3751000.000000 4801000.000000
-2972000.000000 -3751000.000000 4801000.000000
-2967000.000000 -3752000.000000 4803000.000000
-2967000.000000 -3752000.000000 4803000.000000
-2958000.000000 -3755000.000000 4806000.000000
-2958000.000000 -3755000.000000 4806000.000000
-2953000.000000 -3756000.000000 4808000.000000
-2953000.000000 -3756000.000000 4808000.000000
-2946000.000000 -3758000.000000 4810000.000000
-2946000.000000 -3758000.000000 4810000.000000
-2937000.000000 -3761000.000000 4814000.000000
-2937000.000000 -3761000.000000 4814000.000000
-2930000.000000 -3763000.000000 4816000.000000
-2930000.000000 -3763000.000000 4816000.000000
-2925000.000000 -3764000.000000 4818000.000000
-2925000.000000 -3764000.000000 4818000.000000
-2916000.000000 -3767000.000000 4822000.000000
-2916000.000000 -3767000.000000 4822000.000000
-2910000.000000 -3769000.000000 4824000.000000
-2910000.000000 -3769000.000000 4824000.000000
-2903000.000000 -3771000.000000 4827000.000000
-2903000.000000 -3771000.000000 4827000.000000
-2896000.000000 -3773000.000000 4829000.000000
-2896000.000000 -3773000.000000 4829000.000000
-2889000.000000 -3775000.000000 4832000.000000
-2889000.000000 -3775000.000000 4832000.000000
-2882000.000000 -3777000.000000 4834000.000000
-2882000.000000 -3777000.000000 4834000.000000
-2875000.000000 -3779000.000000 4837000.000000
-2875000.000000 -3779000.000000 4837000.000000
-2869000.000000 -3781000.000000 4839000.000000
-2869000.000000 -3781000.000000 4839000.000000
-2863000.000000 -3783000.000000 4842000.000000
-2863000.000000 -3783000.000000 4842000.000000
-2854000.000000 -3785000.000000 4845000.000000
-2854000.000000 -3785000.000000 4845000.000000
-2847000.000000 -3787000.000000 4847000.000000
-2847000.000000 -3787000.000000 4847000.000000
-2842000.000000 -3789000.000000 4849000.000000
-2842000.000000 -3789000.000000 4849000.000000
-2835000.000000 -3791000.000000 4852000.000000
-2835000.000000 -3791000.000000 4852000.000000
-2828000.000000 -3793000.000000 4854000.000000
-2828000.000000 -3793000.000000 4854000.000000
-2819000.000000 -3795000.000000 4857000.000000
-2819000.000000 -3795000.000000 4857000.000000
-2814000.000000 -3796000.000000 4859000.000000
-2814000.000000 -3796000.000000 4859000.000000
-2805000.000000 -3799000.000000 4862000.000000
-2805000.000000 -3799000.000000 4862000.000000
-2800000.000000 -3800000.000000 4864000.000000
-2800000.000000 -3800000.000000 4864000.000000
-2793000.000000 -3802000.000000 4867000.000000
-2793000.000000 -3802000.000000 4867000.000000
-2784000.000000 -3805000.000000 4870000.000000
-2784000.000000 -3805000.000000 4870000.000000
-2777000.000000 -3807000.000000 4872000.000000
-2777000.000000 -3807000.000000 4872000.000000
-2772000.000000 -3808000.000000 4874000.000000
-2772000.000000 -3808000.000000 4874000.000000
-2763000.000000 -3811000.000000 4877000.000000
-2763000.000000 -3811000.000000 4877000.000000
-2758000.000000 -3812000.000000 4879000.000000
-2758000.000000 -3812000.000000 4879000.000000
-2749000.000000 -3814000.000000 4882000.000000
-2749000.000000 -3814000.000000 4882000.000000
-2742000.000000 -3816000.000000 4885000.000000
-2742000.000000 -3816000.000000 4885000.000000
-2735000.000000 -3818000.000000 4887000.000000
-2735000.000000 -3818000.000000 4887000.000000
-2728000.000000 -3820000.000000 4890000.000000
-2728000.000000 -3820000.000000 4890000.000000
-2721000.000000 -3822000.000000 4892000.000000
-2721000.000000 -3822000.000000 4892000.000000
-2714000.000000 -3824000.000000 4894000.000000
-2714000.000000 -3824000.000000 4894000.000000
-2709000.000000 -3825000.000000 4896000.000000
-2709000.000000 -3825000.000000 4896000.000000
-2700000.000000 -3828000.000000 4899000.000000
-2700000.000000 -3828000.000000 4899000.000000
-2693000.000000 -3830000.000000 4902000.000000
-2693000.000000 -3830000.000000 4902000.000000
-2688000.000000 -3831000.000000 4903000.000000
-2688000.000000 -3831000.000000 4903000.000000
-2681000.000000 -3833000.000000 4906000.000000
-2681000.000000 -3833000.000000 4906000.000000
-2672000.000000 -3835000.000000 4909000.000000
-2672000.000000 -3835000.000000 4909000.000000
-2667000.000000 -3837000.000000 4911000.000000
-2667000.000000 -3837000.000000 4911000.000000
-2658000.000000 -3839000.000000 4913000.000000
-2658000.000000 -3839000.000000 4913000.000000
-2651000.000000 -3841000.000000 4916000.000000
-2651000.000000 -3841000.000000 4916000.000000
-2645000.000000 -3842000.000000 4918000.000000
-2645000.000000 -3842000.000000 4918000.000000
-2637000.000000 -3844000.000000 4921000.000000
-2637000.000000 -3844000.000000 4921000.000000
-2630000.000000 -3846000.000000 4923000.000000
-2630000.000000 -3846000.000000 4923000.000000
-2623000.000000 -3848000.000000 4925000.000000
-2623000.000000 -3848000.000000 4925000.000000
-2615000.000000 -3850000.000000 4928000.000000
-2615000.000000 -3850000.000000 4928000.000000
-2610000.000000 -3851000.000000 4929000.000000
-2610000.000000 -3851000.000000 4929000.000000
-2603000.000000 -3853000.000000 4932000.000000
-2603000.000000 -3853000.000000 4932000.000000
-2594000.000000 -3855000.000000 4935000.000000
-2594000.000000 -3855000.000000 4935000.000000
-2589000.000000 -3857000.000000 4936000.000000
-2589000.000000 -3857000.000000 4936000.000000
-2582000.000000 -3858000.000000 4939000.000000
-2582000.000000 -3858000.000000 4939000.000000
-2573000.000000 -3861000.000000 4941000.000000
-2573000.000000 -3861000.000000 4941000.000000
-2566000.000000 -3863000.000000 4944000.000000
-2566000.000000 -3863000.000000 4944000.000000
-2559000.000000 -3864000.000000 4946000.000000
-2559000.000000 -3864000.000000 4946000.000000
-2552000.000000 -3866000.000000 4948000.000000
-2552000.000000 -3866000.000000 4948000.000000
-2545000.000000 -3868000.000000 4951000.000000
-2545000.000000 -3868000.000000 4951000.000000
-2539000.000000 -3869000.000000 4952000.000000
-2539000.000000 -3869000.000000 4952000.000000
-2530000.000000 -3871000.000000 4955000.000000
-2530000.000000 -3871000.000000 4955000.000000
-2525000.000000 -3873000.000000 4957000.000000
-2525000.000000 -3873000.000000 4957000.000000
-2516000.000000 -3875000.000000 4960000.000000
-2516000.000000 -3875000.000000 4960000.000000
-2509000.000000 -3877000.000000 4962000.000000
-2509000.000000 -3877000.000000 4962000.000000
-2504000.000000 -3878000.000000 4964000.000000
-2504000.000000 -3878000.000000 4964000.000000
-2495000.000000 -3880000.000000 4966000.000000
-2495000.000000 -3880000.000000 4966000.000000
-2488000.000000 -3882000.000000 4969000.000000
-2488000.000000 -3882000.000000 4969000.000000
-2482000.000000 -3883000.000000 4970000.000000
-2482000.000000 -3883000.000000 4970000.000000
-2473000.000000 -3885000.000000 4973000.000000
-2473000.000000 -3885000.000000 4973000.000000
-2466000.000000 -3887000.000000 4975000.000000
-2466000.000000 -3887000.000000 4975000.000000
-2461000.000000 -3888000.000000 4977000.000000
-2461000.000000 -3888000.000000 4977000.000000
