-6527.461088 -1143.109903 1462.186133
-6525.353533 -1147.649117 1468.000163
-6523.237646 -1152.186866 1473.812312
-6521.113430 -1156.723143 1479.622575
-6518.980887 -1161.257944 1485.430943
-6516.840021 -1165.791262 1491.237409
-6514.690834 -1170.323092 1497.041965
-6512.511711 -1174.898723 1502.902621
-6510.367508 -1179.382262 1508.645319
-6508.193374 -1183.909591 1514.444102
-6506.010931 -1188.435409 1520.240946
-6503.820180 -1192.959709 1526.035844
-6501.621125 -1197.482486 1531.828787
-6499.413769 -1202.003733 1537.619769
-6497.198114 -1206.523447 1543.408781
-6494.974163 -1211.041619 1549.195818
-6492.741919 -1215.558245 1554.980871
-6490.501385 -1220.073320 1560.763932
-6488.252564 -1224.586836 1566.544995
-6485.995458 -1229.098789 1572.324053
-6483.730071 -1233.609172 1578.101096
-6481.456405 -1238.117981 1583.876119
-6479.174463 -1242.625208 1589.649114
-6476.861305 -1247.175897 1595.477773
-6474.585764 -1251.634897 1601.188990
-6472.279013 -1256.137348 1606.955857
-6469.963998 -1260.638194 1612.720665
-6467.594172 -1265.227399 1618.598642
-6465.309187 -1269.635053 1624.244080
-6462.945958 -1274.176005 1630.060246
-6460.621356 -1278.625427 1635.759175
-6458.241461 -1283.163087 1641.571118
-6455.900529 -1287.609270 1647.265892
-6453.527749 -1292.098729 1653.016090
-6451.146730 -1296.586538 1658.764172
-6448.757473 -1301.072691 1664.510129
-6446.335966 -1305.602020 1670.311383
-6443.930162 -1310.084828 1676.053049
-6441.540312 -1314.521161 1681.735185
-6439.118138 -1319.000635 1687.472573
-6436.687742 -1323.478424 1693.207800
-6434.224701 -1327.999277 1698.998179
-6431.777789 -1332.473664 1704.729041
-6429.347257 -1336.901632 1710.400444
-6426.884007 -1341.372629 1716.126955
-6424.412550 -1345.841912 1721.851268
-6421.932891 -1350.309477 1727.573377
-6419.420112 -1354.819968 1733.350461
-6416.948977 -1359.239430 1739.010950
-6414.444728 -1363.701805 1744.726401
-6411.907124 -1368.207038 1750.496738
-6409.411664 -1372.621328 1756.150592
-6406.857526 -1377.123025 1761.916394
-6404.345866 -1381.533840 1767.565788
-6401.800699 -1385.987453 1773.269995
-6399.247359 -1390.439296 1778.971932
-6396.685848 -1394.889364 1784.671590
-6394.090432 -1399.382125 1790.425925
-6391.538328 -1403.784151 1796.064044
-6388.952325 -1408.228859 1801.756825
-6386.332182 -1412.716189 1807.504192
-6383.755850 -1417.112875 1813.135459
-6381.119239 -1421.596556 1818.878143
-6378.526773 -1425.989654 1824.504806
-6375.900016 -1430.425315 1830.185978
-6373.265119 -1434.859150 1835.864808
-6370.595613 -1439.335464 1841.598039
-6367.944363 -1443.765610 1847.272136
-6365.311616 -1448.149640 1852.887163
-6362.617475 -1452.620368 1858.613227
-6359.968640 -1457.000731 1864.223549
-6357.258092 -1461.467707 1869.944799
-6354.593183 -1465.844380 1875.550387
-6351.866242 -1470.307582 1881.266793
-6349.158151 -1474.724706 1886.924180
-6346.469155 -1479.095804 1892.522614
-6343.717651 -1483.553300 1898.231700
-6340.985251 -1487.964759 1903.881817
-6338.272199 -1492.330232 1909.473032
-6335.496165 -1496.781972 1915.174732
-6332.739487 -1501.187714 1920.817514
-6330.002411 -1505.547511 1926.401446
-6327.229646 -1509.949434 1932.039327
-6324.448803 -1514.349429 1937.674734
-6321.631955 -1518.791461 1943.363977
-6318.862896 -1523.143613 1948.938098
-6316.057839 -1527.537790 1954.566040
-6313.244718 -1531.930018 1960.191480
-6310.423537 -1536.320289 1965.814410
-6307.594298 -1540.708599 1971.434823
-6304.614931 -1545.314207 1977.333539
-6301.911665 -1549.479312 1982.668069
-6299.058278 -1553.861704 1988.280887
-6296.196848 -1558.242112 1993.891160
-6293.327380 -1562.620530 1999.498879
-6290.421061 -1567.040708 2005.160078
-6287.535447 -1571.415110 2010.762644
-6284.670780 -1575.743793 2016.306649
-6281.769194 -1580.114197 2021.904085
-6278.830451 -1584.526258 2027.554868
-6275.912748 -1588.892602 2033.147093
-6272.987033 -1593.256917 2038.736715
-6270.023931 -1597.662811 2044.379583
-6267.141035 -1601.935848 2049.852289
-6264.191384 -1606.294064 2055.434085
-6261.204118 -1610.693781 2061.069027
-6258.268093 -1615.004340 2066.589774
-6255.294460 -1619.356387 2072.163653
-6252.282984 -1623.749856 2077.790578
-6249.293303 -1628.097743 2083.359116
-6246.325659 -1632.400103 2088.869342
-6243.290008 -1636.787274 2094.488185
-6240.306577 -1641.085502 2099.993108
-6237.254829 -1645.468446 2105.606526
-6234.255628 -1649.762520 2111.106118
-6231.218212 -1654.097872 2116.658573
-6228.172841 -1658.431113 2122.208317
-6225.119518 -1662.762236 2127.755344
-6222.058248 -1667.091236 2133.299647
-6218.989034 -1671.418108 2138.841218
-6215.881068 -1675.786083 2144.435425
-6212.826790 -1680.065445 2149.916138
-6209.733768 -1684.385899 2155.449472
-6206.632819 -1688.704202 2160.980047
-6203.523945 -1693.020350 2166.507855
-6200.375944 -1697.377464 2172.088126
-6197.282442 -1701.646154 2177.555143
-6194.149820 -1705.955801 2183.074608
-6191.009291 -1710.263269 2188.591278
-6187.860857 -1714.568554 2194.105146
-6184.704524 -1718.871650 2199.616205
-6181.508612 -1723.215550 2205.179516
-6178.368173 -1727.471253 2210.629867
-6175.188164 -1731.767749 2216.132456
-6172.000272 -1736.062035 2221.632207
-6168.740504 -1740.439922 2227.239023
-6165.600852 -1744.643951 2232.623170
-6162.357178 -1748.974435 2238.169265
-6159.137713 -1753.259800 2243.657568
-6155.942697 -1757.500106 2249.088158
-6152.707588 -1761.781011 2254.570738
-6149.464624 -1766.059666 2260.050431
-6146.213810 -1770.336067 2265.527230
-6142.955149 -1774.610208 2271.001129
-6139.688646 -1778.882084 2276.472120
-6136.381522 -1783.194373 2281.994863
-6133.132129 -1787.419016 2287.405352
-6129.842124 -1791.684062 2292.867579
-6126.544293 -1795.946821 2298.326870
-6123.238640 -1800.207286 2303.783219
-6119.925171 -1804.465454 2309.236618
-6116.537383 -1808.806412 2314.796039
-6113.274798 -1812.974873 2320.134539
-6109.937902 -1817.226113 2325.579048
-6106.559721 -1821.517511 2331.074980
-6103.240716 -1825.721629 2336.459126
-6099.880433 -1829.965894 2341.894682
-6096.478643 -1834.250229 2347.381550
-6093.136510 -1838.447408 2352.756791
-6089.752879 -1842.684648 2358.183331
-6086.361473 -1846.919535 2363.606852
-6082.962297 -1851.152065 2369.027347
-6079.521248 -1855.424521 2374.498968
-6076.106468 -1859.652295 2379.913360
-6072.718195 -1863.835452 2385.270606
-6069.287983 -1868.058497 2390.678927
-6065.850024 -1872.279156 2396.084188
-6062.404320 -1876.497426 2401.486381
-6058.950878 -1880.713300 2406.885500
-6055.455050 -1884.968895 2412.335482
-6052.020794 -1889.137839 2417.674486
-6048.544160 -1893.346494 2423.064340
-6045.059805 -1897.552732 2428.451091
-6041.567734 -1901.756548 2433.834734
-6038.067949 -1905.957936 2439.215261
-6034.560457 -1910.156891 2444.592665
-6031.010070 -1914.395360 2450.020666
-6027.522366 -1918.547480 2455.338077
-6023.956432 -1922.781007 2460.759736
-6020.418076 -1926.970151 2466.124549
-6016.872035 -1931.156836 2471.486204
-6013.353887 -1935.299225 2476.791127
-6009.792565 -1939.480998 2482.146479
-6006.187843 -1943.702076 2487.552160
-6002.646911 -1947.837112 2492.847644
-5999.062587 -1952.011442 2498.193443
-5995.470605 -1956.183280 2503.536044
-5991.870970 -1960.352621 2508.875440
-5988.227575 -1964.561115 2514.264970
-5984.612570 -1968.725421 2519.597903
-5981.026191 -1972.845608 2524.874329
-5977.395988 -1977.004907 2530.200837
-5973.758155 -1981.161682 2535.524105
-5970.076204 -1985.357459 2540.897311
-5966.459617 -1989.467641 2546.160897
-5962.798922 -1993.616814 2551.474408
-5959.093893 -1997.804895 2556.837738
-5955.381105 -2001.990374 2562.197729
-5951.771184 -2006.049041 2567.395314
-5948.080071 -2010.188002 2572.695718
-5944.381364 -2014.324398 2577.992829
-5940.675070 -2018.458222 2583.286640
-5936.924015 -2022.630769 2588.630032
-5933.202483 -2026.759409 2593.917188
-5929.473378 -2030.885461 2599.201024
-5925.774108 -2034.967700 2604.428745
-5922.029945 -2039.088589 2609.705953
-5918.278223 -2043.206874 2614.979820
-5914.481316 -2047.363696 2620.303028
-5910.752121 -2051.435617 2625.517506
-5906.977749 -2055.546062 2630.781310
-5903.195838 -2059.653884 2636.041747
-5899.368460 -2063.800116 2641.351363
-5895.609415 -2067.861636 2646.552491
-5891.804913 -2071.961555 2651.802785
-5887.916573 -2076.140747 2657.154587
-5884.173352 -2080.153453 2662.293181
-5880.346303 -2084.245422 2667.533271
-5876.511748 -2088.334731 2672.769945
-5872.669692 -2092.421374 2678.003199
-5868.781606 -2096.546172 2683.285305
-5864.885879 -2100.668241 2688.563908
-5861.098567 -2104.665257 2693.682364
-5857.187798 -2108.781931 2698.954043
-5853.308237 -2112.855141 2704.170054
-5849.421204 -2116.925654 2709.382605
-5845.565686 -2120.952800 2714.539613
-5841.663801 -2125.017931 2719.745255
-5837.715327 -2129.120959 2724.999419
-5833.837665 -2133.140050 2730.146087
-5829.913425 -2137.197028 2735.341265
-5825.981744 -2141.251278 2740.532941
-5822.042626 -2145.302795 2745.721109
-5818.096078 -2149.351573 2750.905763
-5814.142103 -2153.397609 2756.086895
-5810.180707 -2157.440895 2761.264500
-5806.211896 -2161.481428 2766.438570
-5802.235673 -2165.519202 2771.609098
-5798.252045 -2169.554213 2776.776079
-5794.221068 -2173.626762 2781.991122
-5790.142524 -2177.736761 2787.254113
-5786.216680 -2181.682860 2792.307215
-5782.243575 -2185.666510 2797.408394
-5778.222995 -2189.687623 2802.557537
-5774.195039 -2193.705941 2807.703094
-5770.159714 -2197.721460 2812.845056
-5766.117023 -2201.734173 2817.983418
-5762.026436 -2205.784161 2823.169502
-5758.009570 -2209.751163 2828.249314
-5753.944816 -2213.755431 2833.376835
-5749.831961 -2217.796873 2838.551950
-5745.793284 -2221.755484 2843.620990
-5741.624704 -2225.831146 2848.839907
-5737.612417 -2229.744194 2853.850587
-5733.510997 -2233.734283 2858.959909
-5729.402258 -2237.721521 2864.065572
-5725.286208 -2241.705903 2869.167569
-5721.162850 -2245.687424 2874.265894
-5717.032190 -2249.666079 2879.360539
-5712.894234 -2253.641862 2884.451500
-5708.707497 -2257.654484 2889.589622
-5704.596453 -2261.584795 2894.622338
-5700.436638 -2265.551935 2899.702203
-5696.269549 -2269.516182 2904.778356
-5692.011628 -2273.556731 2909.952202
-5687.913565 -2277.435983 2914.919503
-5683.682756 -2281.431067 2920.035114
-5679.528544 -2285.344158 2925.045726
-5675.283088 -2289.333355 2930.153781
-5671.072386 -2293.280119 2935.207493
-5666.896662 -2297.184532 2940.206966
-5662.671563 -2301.125466 2945.253195
-5658.396877 -2305.102829 2950.346060
-5654.157257 -2309.037856 2955.384705
-5649.952925 -2312.930629 2960.369238
-5645.698950 -2316.859786 2965.400350
-5641.437771 -2320.785986 2970.427667
-5637.169391 -2324.709225 2975.451181
-5632.893818 -2328.629496 2980.470888
-5628.568191 -2332.585954 2985.536919
-5624.321109 -2336.461119 2990.498850
-5620.023986 -2340.372460 2995.507094
-5615.719690 -2344.280814 3000.511503
-5611.365077 -2348.225215 3005.562059
-5607.046381 -2352.127551 3010.558743
-5602.720530 -2356.026885 3015.551574
-5598.387529 -2359.923212 3020.540546
-5594.047383 -2363.816528 3025.525652
-5589.743607 -2367.667939 3030.457092
-5585.389260 -2371.555246 3035.434486
-5581.027785 -2375.439527 3040.407995
-5576.659188 -2379.320776 3045.377613
-5572.283474 -2383.198989 3050.343334
-5567.856785 -2387.112898 3055.354749
-5563.510719 -2390.946287 3060.263057
-5559.069683 -2394.854036 3065.266567
-5554.665487 -2398.720024 3070.216594
-5550.298351 -2402.544336 3075.113251
-5545.880055 -2406.404227 3080.055453
-5541.454682 -2410.261047 3084.993714
-5537.022237 -2414.114791 3089.928026
-5532.538295 -2418.003946 3094.907668
-5528.091654 -2421.851493 3099.834025
-5523.682529 -2425.657520 3104.707211
-5519.221855 -2429.498912 3109.625668
-5514.709425 -2433.375571 3114.589270
-5510.279383 -2437.172390 3119.450636
-5505.797596 -2441.004467 3124.357136
-5501.263860 -2444.871702 3129.308641
-5496.812951 -2448.659270 3134.158133
-5492.310104 -2452.481986 3139.052618
-5487.800248 -2456.301574 3143.943086
-5483.283389 -2460.118027 3148.829531
-5478.759534 -2463.931340 3153.711946
-5474.183343 -2467.779595 3158.639088
-5469.645441 -2471.586584 3163.513385
-5465.100559 -2475.390419 3168.383633
-5460.548704 -2479.191095 3173.249826
-5455.989880 -2482.988608 3178.111959
-5451.469787 -2486.745024 3182.921464
-5446.897115 -2490.536227 3187.775497
-5442.271661 -2494.362116 3192.673930
-5437.730925 -2498.109093 3197.471319
-5433.137419 -2501.890748 3202.313096
-5428.536980 -2505.669209 3207.150774
-5423.929615 -2509.444474 3211.984349
-5419.315328 -2513.216536 3216.813813
-5414.647879 -2517.023063 3221.687393
-5410.019699 -2520.788675 3226.508577
-5405.431001 -2524.513462 3231.277482
-5400.742635 -2528.310243 3236.138552
-5396.140287 -2532.028647 3240.899263
-5391.484598 -2535.781396 3245.703937
-5386.822031 -2539.530910 3250.504456
-5382.105860 -2543.314629 3255.348759
-5377.476281 -2547.020210 3260.093011
-5372.746244 -2550.797369 3264.928893
-5368.056150 -2554.533860 3269.712697
-5363.359206 -2558.267091 3274.492316
-5358.702491 -2561.959774 3279.220012
-5353.991935 -2565.686505 3283.991287
-5349.227339 -2569.447179 3288.806010
-5344.550335 -2573.130140 3293.521225
-5339.771958 -2576.884187 3298.327440
-5335.081457 -2580.560642 3303.034305
-5330.289324 -2584.308043 3307.831989
-5325.585351 -2587.977974 3312.530479
-5320.827103 -2591.681689 3317.272211
-5316.014381 -2595.419085 3322.057052
-5311.290245 -2599.079195 3326.742935
-5306.511648 -2602.772976 3331.471915
-5301.726280 -2606.463435 3336.196632
-5296.934148 -2610.150570 3340.917080
-5292.087235 -2613.871195 3345.680394
-5287.329615 -2617.514843 3350.345146
-5282.517227 -2621.191972 3355.052752
-5277.649873 -2624.902478 3359.803076
-5272.823944 -2628.572881 3364.502047
-5268.039647 -2632.203276 3369.149787
-5263.200336 -2635.867000 3373.840185
-5258.354311 -2639.527361 3378.526267
-5253.501576 -2643.184354 3383.208025
-5248.642138 -2646.837975 3387.885454
-5243.727310 -2650.524705 3392.605258
-5238.854419 -2654.171533 3397.273968
-5234.023673 -2657.778558 3401.891710
-5229.137487 -2661.418643 3406.551765
-5224.195668 -2665.091683 3411.253995
-5219.296079 -2668.724939 3415.905283
-5214.389831 -2672.354789 3420.552200
-5209.526093 -2675.944983 3425.148337
-5204.508155 -2679.640471 3429.879258
-5199.631198 -2683.223867 3434.466669
-5194.747738 -2686.803908 3439.049773
-5189.758930 -2690.452810 3443.721020
-5184.862355 -2694.026059 3448.295406
-5179.909738 -2697.631982 3452.911608
-5174.950512 -2701.234462 3457.523392
-5169.984685 -2704.833497 3462.130752
-5165.012262 -2708.429081 3466.733683
-5159.983426 -2712.057114 3471.378141
-5154.997765 -2715.645748 3475.972150
-5150.055482 -2719.195083 3480.515839
-5145.056740 -2722.776818 3485.100993
-5140.001348 -2726.390845 3489.727473
-5135.039571 -2729.929864 3494.257919
-5130.021157 -2733.501165 3498.829679
-5124.996198 -2737.068979 3503.396963
-5119.964702 -2740.633301 3507.959764
-5114.926673 -2744.194126 3512.518078
-5109.882120 -2747.751451 3517.071898
-5104.831048 -2751.305271 3521.621218
-5099.773464 -2754.855581 3526.166032
-5094.709374 -2758.402376 3530.706336
-5089.638784 -2761.945653 3535.242123
-5084.561702 -2765.485406 3539.773386
-5079.478134 -2769.021631 3544.300121
-5074.388086 -2772.554324 3548.822322
-5069.291565 -2776.083480 3553.339983
-5064.188577 -2779.609094 3557.853098
-5059.079129 -2783.131163 3562.361661
-5053.912035 -2786.684849 3566.910684
-5048.840878 -2790.164645 3571.365110
-5043.712089 -2793.676049 3575.859984
-5038.576866 -2797.183890 3580.350284
-5033.435215 -2800.688162 3584.836003
-5028.287144 -2804.188862 3589.317136
-5023.132658 -2807.685985 3593.793677
-5017.971765 -2811.179526 3598.265621
-5012.752766 -2814.704363 3602.777612
-5007.630782 -2818.155846 3607.195694
-5002.398873 -2821.673425 3611.698369
-4997.212352 -2825.152560 3616.151820
-4992.071417 -2828.593353 3620.556179
-4986.872217 -2832.065312 3625.000419
-4981.614569 -2835.568323 3629.484394
-4976.402590 -2839.033016 3633.919307
-4971.184264 -2842.494088 3638.349572
-4965.959596 -2845.951534 3642.775182
-4960.780936 -2849.370829 3647.151946
-4955.438859 -2852.890014 3651.656556
-4950.300082 -2856.267625 3655.979938
-4945.050180 -2859.710560 3660.386921
-4939.793971 -2863.149848 3664.789222
-4934.478804 -2866.619821 3669.230788
-4929.262657 -2870.017462 3673.579756
-4923.934782 -2873.480045 3678.011835
-4918.706193 -2876.870433 3682.351492
-4913.418547 -2880.291417 3686.730297
-4908.124634 -2883.708727 3691.104387
-4902.824460 -2887.122358 3695.473755
-4897.518033 -2890.532307 3699.838396
-4892.205359 -2893.938569 3704.198304
-4886.886446 -2897.341140 3708.553475
-4881.561299 -2900.740016 3712.903901
-4876.176581 -2904.169124 3717.293011
-4870.838926 -2907.560559 3721.633886
-4865.548528 -2910.914426 3725.926662
-4860.144986 -2914.332298 3730.301348
-4854.842307 -2917.678809 3734.584683
-4849.479906 -2921.055421 3738.906531
-4844.111318 -2924.428307 3743.223596
-4838.736553 -2927.797463 3747.535873
-4833.301775 -2931.196520 3751.886408
-4827.968514 -2934.524569 3756.146042
-4822.575255 -2937.882509 3760.443923
-4817.175845 -2941.236703 3764.736994
-4811.770291 -2944.587145 3769.025249
-4806.358600 -2947.933832 3773.308684
-4800.940779 -2951.276759 3777.587292
-4795.462565 -2954.649295 3781.903782
-4790.086776 -2957.951317 3786.130008
-4784.650606 -2961.282939 3790.394105
-4779.208335 -2964.610784 3794.653353
-4773.650939 -2968.001291 3798.992787
-4768.305513 -2971.255128 3803.157285
-4762.790341 -2974.604763 3807.444379
-4757.378367 -2977.884314 3811.641760
-4751.905689 -2981.193212 3815.876687
-4746.426951 -2984.498308 3820.106734
-4740.887281 -2987.832592 3824.374122
-4735.451322 -2991.097077 3828.552164
-4729.899445 -2994.423659 3832.809666
-4724.451535 -2997.680588 3836.978008
-4718.887481 -3000.999452 3841.225603
-4713.427649 -3004.248807 3845.384223
-4707.851445 -3007.559936 3849.621888
-4702.379718 -3010.801700 3853.770765
-4696.791394 -3014.105077 3857.998479
-4691.307800 -3017.339235 3862.137592
-4685.762863 -3020.602232 3866.313599
-4680.211950 -3023.861378 3870.484661
-4674.599471 -3027.149200 3874.692409
-4669.036569 -3030.400590 3878.853517
-4663.523430 -3033.615660 3882.968126
-4657.948687 -3036.859355 3887.119356
-4652.312166 -3040.131557 3891.307053
-4646.725490 -3043.367464 3895.448285
-4641.188843 -3046.567189 3899.543198
-4635.590382 -3049.795368 3903.674512
-4629.986010 -3053.019659 3907.800833
-4624.375733 -3056.240056 3911.922156
-4618.703368 -3059.488702 3916.079615
-4613.137496 -3062.669155 3920.149790
-4607.509550 -3065.877848 3924.256089
-4601.875728 -3069.082631 3928.357370
-4596.236038 -3072.283501 3932.453627
-4590.534002 -3075.512402 3936.585741
-4584.939082 -3078.673483 3940.631048
-4579.281830 -3081.862587 3944.712203
-4573.618740 -3085.047761 3948.788313
-4567.949817 -3088.229001 3952.859373
-4562.275069 -3091.406304 3956.925378
-4556.537669 -3094.611378 3961.026906
-4550.908128 -3097.749078 3965.042202
-4545.215949 -3100.914542 3969.093011
-4539.517975 -3104.076053 3973.138745
-4533.757145 -3107.265160 3977.219778
-4528.104668 -3110.387194 3981.214964
-4522.389350 -3113.536818 3985.245440
-4516.668266 -3116.682472 3989.270819
-4510.884125 -3119.855548 3993.331275
-4505.208827 -3122.961853 3997.306269
-4499.470487 -3126.095572 4001.316329
-4493.726410 -3129.225305 4005.321273
-4487.976602 -3132.351048 4009.321095
-4482.163489 -3135.503995 4013.355711
-4476.459828 -3138.590549 4017.305353
-4470.692876 -3141.704298 4021.289779
-4464.920223 -3144.814042 4025.269062
-4459.141877 -3147.919775 4029.243199
-4453.357845 -3151.021495 4033.212184
-4447.510210 -3154.150154 4037.215623
-4441.772755 -3157.212878 4041.134676
-4435.913672 -3160.333409 4045.127682
-4430.165012 -3163.388158 4049.036499
-4424.294511 -3166.500546 4053.019052
-4418.476466 -3169.578060 4056.956965
-4412.711051 -3172.620819 4060.850390
-4406.881802 -3175.690287 4064.777976
-4401.046934 -3178.755706 4068.700364
-4395.206454 -3181.817073 4072.617549
-4389.301882 -3184.904935 4076.568621
-4383.508692 -3187.927632 4080.436294
-4377.651424 -3190.976817 4084.337842
-4371.671260 -3194.082794 4088.312042
-4365.920151 -3197.062977 4092.125268
-4359.987393 -3200.130294 4096.049966
-4354.166613 -3203.132832 4099.891764
-4348.281513 -3206.161636 4103.767151
-4342.390869 -3209.186353 4107.637292
-4336.494689 -3212.206977 4111.502180
-4330.592981 -3215.223507 4115.361812
-4324.685751 -3218.235937 4119.216182
-4318.713853 -3221.274327 4123.103749
-4312.795549 -3224.278507 4126.947528
-4306.931011 -3227.248595 4130.747671
-4301.001773 -3230.244591 4134.580945
-4295.067051 -3233.236468 4138.408932
-4289.126853 -3236.224223 4142.231628
-4283.181188 -3239.207853 4146.049029
-4277.170523 -3242.217127 4149.899222
-4271.273483 -3245.162719 4153.667922
-4265.311459 -3248.133948 4157.469405
-4259.284295 -3251.130687 4161.303508
-4253.311349 -3254.093589 4165.094302
-4247.332980 -3257.052343 4168.879772
-4241.409062 -3259.977419 4172.622137
-4235.419926 -3262.927906 4176.396995
-4229.425391 -3265.874234 4180.166514
-4223.425464 -3268.816398 4183.930688
-4217.420152 -3271.754395 4187.689514
-4211.349331 -3274.717539 4191.480493
-4205.393409 -3277.617873 4195.191099
-4199.371992 -3280.543346 4198.933849
-4193.345221 -3283.464638 4202.671230
-4187.313105 -3286.381743 4206.403239
-4181.275651 -3289.294659 4210.129871
-4175.172413 -3292.232448 4213.888305
-4169.124253 -3295.136933 4217.604113
-4163.131340 -3298.008234 4221.277452
-4157.072612 -3300.904356 4224.982526
-4151.008584 -3303.796270 4228.682198
-4144.939266 -3306.683972 4232.376465
-4138.864663 -3309.567459 4236.065321
-4132.784785 -3312.446728 4239.748761
-4126.699639 -3315.321773 4243.426782
-4120.548301 -3318.221280 4247.136076
-4114.452590 -3321.087828 4250.803189
-4108.412669 -3323.921540 4254.428277
-4102.306528 -3326.779659 4258.084571
-4096.134017 -3329.662056 4261.771903
-4090.017374 -3332.511648 4265.417251
-4083.834272 -3335.385424 4269.093518
-4077.829750 -3338.169696 4272.655267
-4071.697542 -3341.006576 4276.284298
-4065.498743 -3343.867502 4279.944071
-4059.417562 -3346.667557 4283.525957
-4053.269807 -3349.491651 4287.138575
-4047.116886 -3352.311475 4290.745712
-4040.958806 -3355.127026 4294.347365
-4034.795575 -3357.938301 4297.943529
-4028.627201 -3360.745295 4301.534198
-4022.453693 -3363.548006 4305.119369
-4016.275057 -3366.346430 4308.699037
-4010.091302 -3369.140562 4312.273198
-4003.902436 -3371.930401 4315.841846
-3997.708467 -3374.715941 4319.404977
-3991.509402 -3377.497181 4322.962587
-3985.305250 -3380.274115 4326.514672
-3979.096018 -3383.046741 4330.061226
-3972.819546 -3385.842716 4333.637627
-3966.662348 -3388.579053 4337.137725
-3960.437925 -3391.338733 4340.667661
-3954.146134 -3394.121622 4344.227265
-3947.973944 -3396.845121 4347.710885
-3941.671981 -3399.619268 4351.259267
-3935.489836 -3402.334192 4354.731879
-3929.240254 -3405.072224 4358.234029
-3922.923093 -3407.833232 4361.765547
-3916.726075 -3410.535266 4365.221614
-3910.398823 -3413.287497 4368.741865
-3904.129207 -3416.008106 4372.221650
-3897.917387 -3418.697220 4375.661133
-3891.512237 -3421.463356 4379.199109
-3885.353409 -3424.116743 4382.592856
-3879.001069 -3426.846970 4386.084864
-3872.769624 -3429.518809 4389.502174
-3866.407306 -3432.240211 4392.982853
-3860.166096 -3434.903393 4396.389050
-3853.856949 -3437.589120 4399.824061
-3847.479725 -3440.297257 4403.287715
-3841.223928 -3442.947427 4406.677210
-3834.900071 -3445.620001 4410.095338
-3828.571326 -3448.288183 4413.507830
-3822.237702 -3450.951971 4416.914681
-3815.899206 -3453.611361 4420.315887
-3809.555848 -3456.266350 4423.711444
-3803.207635 -3458.916934 4427.101346
-3796.854576 -3461.563109 4430.485591
-3790.496677 -3464.204874 4433.864173
-3784.070296 -3466.868575 4437.270790
-3777.766397 -3469.475155 4440.604334
-3771.330283 -3472.129928 4443.999491
-3765.016859 -3474.727751 4447.321794
-3758.634890 -3477.347408 4450.672000
-3752.248130 -3479.962634 4454.016518
-3745.792649 -3482.599511 4457.388704
-3739.460274 -3485.179779 4460.688474
-3733.059194 -3487.781691 4464.015903
-3726.653357 -3490.379158 4467.337627
-3720.242771 -3492.972178 4470.653642
-3713.827444 -3495.560746 4473.963943
-3707.407385 -3498.144860 4477.268527
-3700.854057 -3500.776064 4480.633308
-3694.488783 -3503.325441 4483.893428
-3688.054528 -3505.896128 4487.180777
-3681.679986 -3508.436706 4490.429603
-3675.236387 -3510.998499 4493.705537
-3668.788105 -3513.555818 4496.975727
-3662.335148 -3516.108659 4500.240171
-3655.812925 -3518.682482 4503.531422
-3649.350596 -3521.226314 4506.784302
-3642.624841 -3523.867140 4510.161189
-3636.411996 -3526.300515 4513.272781
-3629.935741 -3528.830877 4516.508372
-3623.519693 -3531.331507 4519.705921
-3617.034242 -3533.852918 4522.930022
-3610.479259 -3536.394972 4526.180497
-3604.049522 -3538.882227 4529.360880
-3597.550269 -3541.390120 4532.567630
-3591.046433 -3543.893500 4535.768587
-3584.472914 -3546.417330 4538.995671
-3578.025041 -3548.886710 4542.153110
-3571.507503 -3551.376534 4545.336667
-3564.985413 -3553.861833 4548.514417
-3558.393492 -3556.367388 4551.718044
-3551.731611 -3558.893060 4554.947368
-3545.391925 -3561.290547 4558.012775
-3538.851716 -3563.757714 4561.167251
-3532.306998 -3566.220341 4564.315899
-3525.757780 -3568.678423 4567.458715
-3519.204070 -3571.131958 4570.595695
-3512.580271 -3573.605411 4573.758116
-3506.083205 -3576.025376 4576.852129
-3499.516068 -3578.465252 4579.971577
-3492.878734 -3580.924899 4583.116278
-3486.302643 -3583.355607 4586.223958
-3479.787938 -3585.757511 4589.294790
-3473.203017 -3588.179131 4592.390805
-3466.613670 -3590.596180 4595.480952
-3459.953947 -3593.032755 4598.596040
-3453.421735 -3595.416549 4601.643627
-3446.753116 -3597.843874 4604.746843
-3440.212201 -3600.218596 4607.782784
-3433.600855 -3602.612740 4610.843533
-3426.985134 -3605.002295 4613.898391
-3420.365048 -3607.387256 4616.947354
-3413.740604 -3609.767622 4619.990418
-3407.045501 -3612.167123 4623.057921
-3400.478676 -3614.514554 4626.058834
-3393.774814 -3616.904756 4629.114401
-3387.199420 -3619.243066 4632.103607
-3380.486832 -3621.623957 4635.147224
-3373.902903 -3623.953134 4638.124708
-3367.248193 -3626.301244 4641.126371
-3360.589193 -3628.644734 4644.122105
-3353.859257 -3631.006967 4647.141773
-3347.258357 -3633.317844 4650.095768
-3340.586539 -3635.647457 4653.073690
-3333.910465 -3637.972438 4656.045667
-3327.163319 -3640.315965 4659.041326
-3320.545583 -3642.608494 4661.971772
-3313.856793 -3644.919563 4664.925892
-3307.096830 -3647.249029 4667.903504
-3300.466556 -3649.527768 4670.816249
-3293.698092 -3651.847846 4673.781811
-3287.059502 -3654.117376 4676.682737
-3280.215450 -3656.450907 4679.665446
-3273.635698 -3658.688363 4682.525327
-3266.917536 -3660.966867 4685.437650
-3260.195213 -3663.240708 4688.343987
-3253.401451 -3665.532550 4691.273308
-3246.738115 -3667.774386 4694.138690
-3240.003359 -3670.034218 4697.027047
-3233.264475 -3672.289375 4699.909405
-3226.521472 -3674.539855 4702.785758
-3219.774359 -3676.785653 4705.656103
-3213.023145 -3679.026768 4708.520437
-3206.200264 -3681.285536 4711.407309
-3199.508446 -3683.494934 4714.231056
-3192.744979 -3685.721981 4717.077334
-3185.977445 -3687.944333 4719.917585
-3179.205853 -3690.161987 4722.751808
-3172.430211 -3692.374940 4725.579997
-3165.650528 -3694.583190 4728.402149
-3158.866813 -3696.786734 4731.218262
-3152.011176 -3699.007534 4734.056400
-3145.287320 -3701.179693 4736.832351
-3138.491559 -3703.369101 4739.630321
-3131.691801 -3705.553793 4742.422237
-3124.819997 -3707.755540 4745.235922
-3118.080327 -3709.909013 4747.987890
-3111.268628 -3712.079537 4750.761621
-3104.452966 -3714.245332 4753.529283
-3097.633349 -3716.406396 4756.290873
-3090.809788 -3718.562726 4759.046388
-3083.982289 -3720.714320 4761.795823
-3077.082528 -3722.882619 4764.566579
-3070.315516 -3725.003288 4767.276443
-3063.339435 -3727.183355 4770.062182
-3056.633101 -3729.273277 4772.732705
-3049.786049 -3731.401148 4775.451693
-3042.935113 -3733.524267 4778.164581
-3036.080301 -3735.642630 4780.871365
-3029.153016 -3737.777347 4783.599019
-3022.359085 -3739.865079 4786.266611
-3015.492698 -3741.969161 4788.955065
-3008.622471 -3744.068476 4791.637403
-3001.679652 -3746.183943 4794.340351
-2994.870530 -3748.252797 4796.983713
-2987.919997 -3750.358624 4799.674288
-2981.034457 -3752.438801 4802.332062
-2974.214032 -3754.493469 4804.957216
-2967.320945 -3756.564133 4807.602781
-2960.355091 -3758.650646 4810.268568
-2953.523442 -3760.691104 4812.875485
-2946.411854 -3762.809022 4815.581336
-2939.710893 -3764.798917 4818.123599
-2932.729860 -3766.866076 4820.764545
-2925.814193 -3768.907946 4823.373154
-2918.894799 -3770.945016 4825.975603
-2912.040938 -3772.956985 4828.545956
-2905.114155 -3774.984496 4831.136136
-2898.183673 -3777.007199 4833.720145
-2891.249500 -3779.025091 4836.297981
-2884.172850 -3781.078384 4838.921009
-2877.300682 -3783.066494 4841.460741
-2870.355452 -3785.069893 4844.019975
-2863.476074 -3787.048509 4846.547522
-2856.523579 -3789.042313 4849.094440
-2849.497866 -3791.051156 4851.660542
-2842.607684 -3793.015441 4854.169695
-2835.574650 -3795.014530 4856.723277
-2828.677309 -3796.969248 4859.220152
-2821.636989 -3798.958571 4861.761201
-2814.662765 -3800.923337 4864.270851
-2807.754751 -3802.863686 4866.749285
-2800.703571 -3804.838343 4869.271511
-2793.788487 -3806.769101 4871.737635
-2786.730111 -3808.733969 4874.247297
-2779.807992 -3810.655126 4876.701099
-2772.812430 -3812.590860 4879.173490
-2765.743328 -3814.541024 4881.664280
-2758.740678 -3816.466997 4884.124143
-2751.804594 -3818.368923 4886.553264
-2744.724847 -3820.304361 4889.025155
-2737.781834 -3822.196657 4891.441916
-2730.765220 -3824.103224 4893.876874
-2723.745129 -3826.004922 4896.305582
-2716.651316 -3827.920691 4898.752230
-2709.694550 -3829.793699 4901.144236
-2702.664080 -3831.680773 4903.554177
-2695.630169 -3833.562969 4905.957855
-2688.522435 -3835.459031 4908.379211
-2681.481634 -3837.331412 4910.770293
-2674.437418 -3839.198906 4913.155105
-2667.319304 -3841.080114 4915.557396
-2660.338779 -3842.919227 4917.905903
-2653.354935 -3844.753545 4920.248254
