0 0.000000
0 0.000000
0 0.000000
0 0.000000
0 0.000000
0 0.000000
0 0.000000
0 0.000000
0 0.000000
0 -0.479513
0 -0.474522
0 -0.444096
0 -0.416961
0 -0.387774
0 -0.359164
0 -0.329903
0 -0.292097
0 -0.262869
0 -0.228882
0 -0.197748
0 -0.156584
0 -0.121165
0 -0.085351
0 -0.048470
0 -0.021177
0 0.016150
0 0.053235
0 0.096927
0 0.130703
0 0.165239
0 0.200477
0 0.229551
0 0.259107
0 0.296497
0 0.329253
0 0.340565
0 0.391998
0 0.418243
0 0.450948
0 0.472547
0 0.502819
0 0.529374
0 0.548528
0 0.579936
0 0.605850
0 0.629208
0 0.651464
0 0.673029
0 0.701288
0 0.712961
0 0.743787
0 0.747053
0 0.771994
0 0.781007
0 0.801702
0 0.811583
0 0.822262
0 0.836547
0 0.849466
0 0.860426
0 0.867487
0 0.874971
0 0.883381
0 0.890067
0 0.901040
0 0.906704
0 0.914045
0 0.920354
0 0.925120
0 0.931494
0 0.939948
0 0.947351
0 0.948715
0 0.957980
0 0.959281
0 0.963594
0 0.964913
0 0.967878
0 0.969401
0 0.971795
0 0.974098
0 0.973430
0 0.976077
0 0.977541
0 0.979889
0 0.982060
0 0.983344
0 0.984706
0 0.986262
0 0.988242
0 0.989349
0 0.990013
0 0.990311
0 0.991267
0 0.991960
0 0.992583
0 0.993455
0 0.993784
0 0.994048
0 0.994539
0 0.994826
0 0.995308
0 0.995639
0 0.995964
0 0.996166
0 0.996337
0 0.996577
0 0.997099
0 0.997173
0 0.997436
0 0.997710
0 0.997970
0 0.998070
0 0.998203
0 0.998391
0 0.998455
0 0.998571
1 0.998635
1 0.998634
1 0.998882
1 0.998874
1 0.998774
1 0.998780
1 0.999063
1 0.999064
1 0.999126
1 0.998966
1 0.999267
1 0.999474
1 0.999267
1 0.999379
1 0.999400
1 0.999586
1 0.999569
1 0.999642
1 0.999489
1 0.999608
1 0.999882
1 0.999847
1 0.999908
1 0.999884
1 0.999884
1 0.999939
1 0.999918
1 0.999880
1 0.999862
1 0.999800
1 0.999937
1 0.999909
1 0.999893
1 0.999860
1 0.999916
1 0.999847
1 0.999763
1 0.999979
1 0.999941
1 0.999843
1 0.999865
1 0.999872
1 0.999928
1 0.999925
1 0.999959
1 0.999915
1 0.999872
1 0.999811
1 0.999623
1 0.999399
1 0.998960
1 0.998941
1 0.999162
1 0.998797
1 0.998641
1 0.999058
1 0.999074
1 0.999134
1 0.998868
1 0.998884
1 0.998966
1 0.999169
1 0.999003
1 0.998984
1 0.998879
1 0.998988
1 0.999069
1 0.999318
1 0.999522
1 0.999617
1 0.999538
1 0.999667
1 0.999604
1 0.999275
1 0.999396
1 0.999493
1 0.999538
1 0.999621
1 0.999657
1 0.999667
1 0.999654
1 0.999674
1 0.999693
1 0.999675
1 0.999718
1 0.999722
1 0.999727
1 0.999768
1 0.999757
1 0.999780
1 0.999835
1 0.999815
1 0.999783
1 0.999811
1 0.999762
1 0.999807
1 0.999783
1 0.999777
1 0.999683
1 0.999801
1 0.999502
1 0.999606
1 0.999373
1 0.999430
1 0.999410
1 0.999455
1 0.999474
1 0.999437
1 0.999331
1 0.999409
1 0.999566
1 0.999446
1 0.999721
1 0.999741
1 0.999634
1 0.999590
1 0.999530
1 0.999587
1 0.999668
1 0.999429
1 0.999506
1 0.999433
1 0.999183
1 0.999173
1 0.999316
1 0.999390
1 0.999601
1 0.999543
1 0.999640
1 0.999662
1 0.999711
1 0.999663
1 0.999651
1 0.999659
1 0.999641
1 0.999691
1 0.999651
1 0.999622
1 0.999561
1 0.999607
1 0.999728
1 0.999710
1 0.999708
1 0.999655
1 0.999696
1 0.999763
1 0.999759
1 0.999777
1 0.999748
1 0.999767
1 0.999687
1 0.999784
1 0.999720
1 0.999769
1 0.999798
1 0.999742
1 0.999774
1 0.999718
1 0.999559
1 0.999381
1 0.999369
1 0.999574
1 0.999550
1 0.999817
1 0.999752
1 0.999851
1 0.999884
1 0.999892
1 0.999900
1 0.999897
1 0.999899
1 0.999926
1 0.999927
1 0.999940
1 0.999937
1 0.999956
1 0.999885
1 0.999803
1 0.999731
1 0.999609
1 0.999754
1 0.999765
1 0.999770
1 0.999692
1 0.999747
1 0.999631
1 0.999448
1 0.999664
1 0.999635
1 0.999651
1 0.999341
1 0.999346
1 0.999377
1 0.999176
1 0.999439
1 0.999322
1 0.999363
1 0.999363
1 0.999457
1 0.999375
1 0.999138
1 0.999292
1 0.999086
1 0.999555
1 0.999462
1 0.999251
1 0.999482
1 0.999510
1 0.999506
1 0.999543
1 0.999502
1 0.999375
1 0.999509
1 0.999332
1 0.999577
1 0.999596
1 0.999603
1 0.999393
1 0.999480
1 0.999561
1 0.999462
1 0.999467
1 0.999500
1 0.999617
1 0.999440
1 0.999533
1 0.999610
1 0.999668
1 0.999602
1 0.999613
1 0.999600
1 0.999699
1 0.999627
1 0.999745
1 0.999650
1 0.999607
1 0.999715
1 0.999712
1 0.999534
1 0.999481
1 0.999581
1 0.999215
1 0.999097
1 0.999014
1 0.999083
1 0.998797
1 0.998689
0 0.998125
0 0.998226
1 0.998711
1 0.998997
0 0.998543
1 0.998794
1 0.999005
1 0.998986
1 0.999069
1 0.998829
1 0.999264
1 0.999168
1 0.998987
1 0.999295
1 0.999306
1 0.998983
1 0.999100
1 0.998845
1 0.999203
1 0.999371
1 0.999426
1 0.999345
1 0.999448
1 0.999404
1 0.999353
1 0.999472
1 0.999487
1 0.999562
1 0.999489
1 0.999535
1 0.999599
1 0.999595
1 0.999597
1 0.999361
1 0.999450
1 0.999434
1 0.999544
1 0.999629
1 0.999643
1 0.999682
1 0.999661
1 0.999711
1 0.999677
1 0.999615
1 0.999625
1 0.999488
1 0.999291
1 0.999288
1 0.999459
1 0.999553
1 0.999514
1 0.999736
1 0.999680
1 0.999667
1 0.999673
1 0.999613
1 0.999649
1 0.999617
1 0.999693
1 0.999678
1 0.999709
1 0.999707
1 0.999777
1 0.999780
1 0.999800
1 0.999760
1 0.999757
1 0.999770
1 0.999789
1 0.999789
1 0.999774
1 0.999789
1 0.999770
1 0.999813
1 0.999839
1 0.999816
1 0.999819
1 0.999818
1 0.999830
1 0.999833
1 0.999865
1 0.999862
1 0.999877
1 0.999885
1 0.999869
1 0.999898
1 0.999888
1 0.999789
1 0.999836
1 0.999769
1 0.999842
1 0.999828
1 0.999782
1 0.999828
1 0.999815
1 0.999853
1 0.999952
1 0.999923
1 0.999918
1 0.999883
1 0.999811
1 0.999820
1 0.999821
1 0.999786
1 0.999857
1 0.999776
1 0.999479
1 0.999704
1 0.999535
1 0.999474
1 0.999591
1 0.999544
1 0.999409
1 0.999274
1 0.999135
1 0.998955
1 0.999217
1 0.999351
1 0.999234
1 0.999372
1 0.999223
1 0.999222
1 0.998866
1 0.999095
1 0.998995
1 0.999094
1 0.998973
0 0.998617
1 0.998976
1 0.998872
1 0.998873
0 0.998536
1 0.998909
1 0.998719
1 0.998648
0 0.998166
0 0.997700
0 0.997928
0 0.998504
1 0.998731
0 0.998227
0 0.998324
0 0.998566
0 0.998077
0 0.997722
0 0.997650
0 0.997166
0 0.997777
0 0.997368
0 0.997379
0 0.996865
0 0.996209
0 0.995861
0 0.996454
0 0.996038
0 0.996142
0 0.996634
0 0.997308
0 0.996962
0 0.997011
0 0.997111
0 0.997014
0 0.997009
0 0.996725
0 0.996898
0 0.997259
0 0.997468
0 0.997630
0 0.997721
0 0.997660
0 0.997776
0 0.997453
0 0.997901
0 0.998010
0 0.997838
0 0.998289
0 0.998280
0 0.998435
1 0.998657
1 0.998699
1 0.998743
0 0.998556
1 0.998671
1 0.998697
1 0.998647
0 0.998606
0 0.998557
1 0.998649
1 0.998658
1 0.998814
1 0.998881
1 0.998795
1 0.998880
1 0.998921
1 0.999005
1 0.998831
1 0.998889
1 0.999175
1 0.999167
1 0.999286
1 0.999286
1 0.999271
1 0.999274
1 0.999317
1 0.999395
1 0.999437
1 0.999437
1 0.999493
1 0.999485
1 0.999508
1 0.999521
1 0.999493
1 0.999544
1 0.999612
1 0.999610
1 0.999604
1 0.999621
1 0.999636
1 0.999715
1 0.999698
1 0.999763
1 0.999730
1 0.999693
1 0.999684
1 0.999764
1 0.999520
1 0.999590
1 0.999660
1 0.999826
1 0.999808
1 0.999849
1 0.999851
1 0.999851
1 0.999821
1 0.999896
1 0.999889
1 0.999908
1 0.999880
1 0.999918
1 0.999908
1 0.999880
1 0.999904
1 0.999788
1 0.999901
1 0.999829
1 0.999824
1 0.999866
1 0.999887
1 0.999789
1 0.999806
1 0.999803
1 0.999782
1 0.999710
1 0.999802
1 0.999788
1 0.999779
1 0.999569
1 0.999475
1 0.999605
1 0.999641
1 0.999616
1 0.999662
1 0.999595
1 0.999575
1 0.999609
1 0.999526
1 0.999379
1 0.999405
1 0.999501
1 0.999464
1 0.999621
1 0.999624
1 0.999540
1 0.999444
1 0.999496
1 0.999398
1 0.999226
1 0.999338
1 0.999300
1 0.999351
1 0.999476
1 0.999489
1 0.999599
1 0.999560
1 0.999554
1 0.999369
1 0.999250
1 0.999467
1 0.999497
1 0.999507
1 0.999602
1 0.999422
1 0.999348
1 0.999261
1 0.999345
1 0.999447
1 0.999490
1 0.999098
1 0.999033
1 0.999190
1 0.999291
1 0.999475
1 0.999509
1 0.999426
1 0.999499
1 0.999605
1 0.999494
1 0.999514
1 0.999184
1 0.999331
1 0.999371
1 0.999452
1 0.999450
1 0.999437
1 0.999347
1 0.999462
1 0.999476
1 0.999573
1 0.999565
1 0.999554
1 0.999591
1 0.999523
1 0.999538
1 0.999366
1 0.999587
1 0.999581
1 0.999427
1 0.999310
1 0.999333
1 0.999491
1 0.999484
1 0.999614
1 0.999554
1 0.999113
1 0.999352
1 0.999259
1 0.999444
1 0.999509
1 0.999438
1 0.999554
1 0.999489
1 0.999620
1 0.999621
1 0.999620
1 0.999361
1 0.999503
1 0.999561
1 0.999618
1 0.999604
1 0.999218
1 0.999458
1 0.999452
1 0.999602
1 0.999607
1 0.999476
1 0.999442
1 0.999510
1 0.999580
1 0.999577
1 0.999678
1 0.999682
1 0.999702
1 0.999696
1 0.999705
1 0.999695
1 0.999685
1 0.999711
1 0.999677
1 0.999673
1 0.999616
1 0.999707
1 0.999742
1 0.999715
1 0.999739
1 0.999799
1 0.999747
1 0.999707
1 0.999809
1 0.999735
1 0.999783
1 0.999739
1 0.999761
1 0.999814
1 0.999846
1 0.999811
1 0.999763
1 0.999828
1 0.999882
1 0.999908
1 0.999888
1 0.999918
1 0.999872
1 0.999901
1 0.999913
1 0.999839
1 0.999833
1 0.999886
1 0.999915
1 0.999884
1 0.999860
1 0.999903
1 0.999915
1 0.999899
1 0.999871
1 0.999891
1 0.999857
1 0.999874
1 0.999852
1 0.999851
1 0.999900
1 0.999885
1 0.999899
1 0.999807
1 0.999817
1 0.999784
1 0.999618
1 0.999666
1 0.999782
1 0.999748
1 0.999786
1 0.999852
1 0.999652
1 0.999814
1 0.999525
1 0.999505
1 0.999441
1 0.999597
1 0.999707
1 0.999683
1 0.999620
1 0.999530
1 0.999702
1 0.999432
1 0.999630
1 0.999468
1 0.999528
1 0.999410
1 0.999627
1 0.999349
1 0.999616
1 0.999462
1 0.999450
1 0.999427
1 0.999527
1 0.999212
1 0.999133
1 0.998997
1 0.998767
0 0.998498
1 0.998696
1 0.998996
1 0.999043
1 0.998829
1 0.998851
1 0.999153
1 0.999230
1 0.999119
1 0.998982
1 0.999138
1 0.999206
1 0.999271
1 0.999320
1 0.999319
1 0.999343
1 0.999429
1 0.999358
1 0.999294
1 0.999521
1 0.999458
1 0.999538
1 0.999588
1 0.999502
1 0.999508
1 0.999610
1 0.999553
1 0.999561
1 0.999636
1 0.999400
1 0.999490
1 0.999444
1 0.999437
1 0.999188
1 0.998915
1 0.998945
0 0.998366
0 0.998565
0 0.998575
0 0.998448
1 0.998639
1 0.998664
1 0.999079
1 0.998921
1 0.998672
0 0.998619
0 0.998614
1 0.998727
1 0.998667
1 0.998979
1 0.999008
1 0.998779
1 0.998988
1 0.998985
1 0.998797
1 0.998777
1 0.998947
1 0.998904
1 0.999084
1 0.998997
1 0.999184
1 0.999168
1 0.999303
1 0.999350
1 0.999382
1 0.999421
1 0.999464
1 0.999327
1 0.999173
1 0.999070
1 0.999188
1 0.999082
1 0.999155
1 0.999224
1 0.998950
1 0.998832
1 0.999025
1 0.999020
1 0.999094
1 0.998802
1 0.998836
0 0.998563
1 0.998706
1 0.998726
1 0.998772
1 0.998822
1 0.998852
1 0.998847
1 0.998807
1 0.998845
1 0.999049
1 0.999064
1 0.998773
1 0.999327
1 0.999272
1 0.999008
1 0.999122
1 0.999313
1 0.999235
1 0.999344
1 0.999244
1 0.999421
1 0.999444
1 0.999414
1 0.999450
1 0.999404
1 0.999422
1 0.999476
1 0.999347
1 0.999434
1 0.999504
1 0.999493
1 0.999588
1 0.999615
1 0.999620
1 0.999615
1 0.999589
1 0.999601
1 0.999508
1 0.999559
1 0.999511
1 0.999564
1 0.999581
1 0.999609
1 0.999614
1 0.999673
1 0.999723
1 0.999584
1 0.999704
1 0.999630
1 0.999665
1 0.999636
1 0.999512
1 0.999597
1 0.999704
1 0.999706
1 0.999685
1 0.999591
1 0.999543
1 0.999691
1 0.999680
1 0.999654
1 0.999509
1 0.999734
1 0.999668
1 0.999624
1 0.999722
1 0.999618
1 0.999667
1 0.999708
1 0.999618
1 0.999718
1 0.999689
1 0.999634
1 0.999681
1 0.999650
1 0.999720
1 0.999706
1 0.999755
1 0.999732
1 0.999767
1 0.999706
1 0.999741
1 0.999781
1 0.999803
1 0.999769
1 0.999823
1 0.999840
1 0.999776
1 0.999811
1 0.999798
1 0.999823
1 0.999825
1 0.999809
1 0.999830
1 0.999790
1 0.999662
1 0.999697
1 0.999447
1 0.999389
1 0.999347
1 0.999204
1 0.999109
1 0.998964
1 0.998749
1 0.998865
0 0.998616
0 0.998622
1 0.999057
1 0.998892
1 0.998901
1 0.999181
1 0.998684
1 0.998868
1 0.998772
1 0.998818
1 0.998903
1 0.998790
1 0.998986
1 0.998844
1 0.999016
1 0.998869
1 0.998736
1 0.998997
1 0.999069
1 0.998837
1 0.999396
1 0.999350
1 0.999511
1 0.999545
1 0.999575
1 0.999557
1 0.999582
1 0.999611
1 0.999555
1 0.999602
1 0.999628
1 0.999701
1 0.999752
1 0.999672
1 0.999764
1 0.999724
1 0.999808
1 0.999811
1 0.999665
1 0.999666
1 0.999760
1 0.999801
1 0.999771
1 0.999771
1 0.999809
1 0.999786
1 0.999855
1 0.999827
1 0.999794
1 0.999813
1 0.999807
1 0.999820
1 0.999757
1 0.999631
1 0.999712
1 0.999818
1 0.999778
1 0.999715
1 0.999602
1 0.999531
1 0.999492
1 0.999401
1 0.999470
1 0.999642
1 0.999706
1 0.999746
1 0.999772
1 0.999813
1 0.999810
1 0.999802
1 0.999810
1 0.999826
1 0.999832
1 0.999846
1 0.999823
1 0.999818
1 0.999827
1 0.999866
1 0.999783
1 0.999777
1 0.999721
1 0.999553
1 0.999799
1 0.999788
1 0.999874
1 0.999783
1 0.999923
1 0.999900
1 0.999907
1 0.999892
1 0.999883
1 0.999859
1 0.999850
1 0.999844
1 0.999911
1 0.999896
1 0.999851
1 0.999862
1 0.999883
1 0.999813
1 0.999849
1 0.999889
1 0.999856
1 0.999773
1 0.999740
1 0.999860
1 0.999803
1 0.999798
1 0.999736
1 0.999727
1 0.999698
1 0.999734
1 0.999804
1 0.999809
1 0.999548
1 0.999590
1 0.999752
1 0.999700
1 0.999831
1 0.999820
1 0.999845
1 0.999815
1 0.999842
1 0.999869
1 0.999842
1 0.999818
1 0.999725
1 0.999796
1 0.999788
1 0.999750
1 0.999816
1 0.999794
1 0.999773
1 0.999853
1 0.999855
1 0.999849
1 0.999844
1 0.999824
1 0.999766
1 0.999727
1 0.999725
1 0.999763
1 0.999711
1 0.999832
1 0.999746
1 0.999511
1 0.999640
1 0.999143
1 0.999472
1 0.999200
0 0.998404
1 0.999245
1 0.999072
1 0.999141
1 0.999109
0 0.998574
1 0.998641
0 0.998606
0 0.998517
1 0.998743
1 0.998806
1 0.998970
1 0.999153
1 0.999270
1 0.999215
1 0.999136
1 0.999086
1 0.999175
1 0.999104
1 0.999223
1 0.999245
1 0.999104
1 0.999195
1 0.999170
1 0.998890
1 0.999022
1 0.999053
1 0.999133
1 0.999192
1 0.999001
1 0.999233
1 0.999034
1 0.999030
1 0.999217
1 0.999424
1 0.999507
1 0.999514
1 0.999581
1 0.999604
1 0.999539
1 0.999516
1 0.999635
1 0.999640
1 0.999659
1 0.999654
1 0.999632
1 0.999691
1 0.999699
1 0.999702
1 0.999716
1 0.999728
1 0.999735
1 0.999721
1 0.999726
1 0.999598
1 0.999734
1 0.999697
1 0.999700
1 0.999787
1 0.999748
1 0.999780
1 0.999765
1 0.999757
1 0.999816
1 0.999757
1 0.999781
1 0.999799
1 0.999783
1 0.999700
1 0.999692
1 0.999531
1 0.999603
1 0.999546
1 0.999346
1 0.999463
1 0.999527
1 0.999781
1 0.999888
1 0.999849
1 0.999928
1 0.999954
1 0.999960
1 0.999921
1 0.999943
1 0.999961
1 0.999952
1 0.999920
1 0.999923
1 0.999955
1 0.999950
1 0.999907
1 0.999931
1 0.999923
1 0.999868
1 0.999886
1 0.999692
1 0.999761
1 0.999750
1 0.999666
1 0.999423
1 0.999591
1 0.999756
1 0.999666
1 0.999408
1 0.999459
1 0.999518
1 0.999405
1 0.999479
1 0.999372
1 0.999511
1 0.999628
1 0.999573
1 0.999424
1 0.999252
1 0.999201
1 0.999151
1 0.999128
1 0.999352
1 0.999035
1 0.999198
1 0.999039
1 0.999204
1 0.999321
1 0.999301
1 0.999390
1 0.999503
1 0.999484
1 0.999348
1 0.999247
1 0.998938
1 0.999188
1 0.999101
1 0.999111
1 0.999135
1 0.999271
1 0.999183
1 0.999028
1 0.999065
1 0.998915
1 0.998786
1 0.998810
1 0.998825
0 0.998412
0 0.998451
1 0.998647
0 0.998463
0 0.998550
1 0.998646
1 0.998754
1 0.998767
1 0.998979
1 0.998798
1 0.998967
1 0.999122
1 0.999060
1 0.999080
1 0.999010
1 0.999149
1 0.998972
1 0.999282
1 0.999403
1 0.999388
1 0.999403
1 0.999395
1 0.999423
1 0.999443
1 0.999492
1 0.999517
1 0.999526
1 0.999544
1 0.999577
1 0.999608
1 0.999520
1 0.999686
1 0.999609
1 0.999681
1 0.999780
1 0.999675
1 0.999782
1 0.999805
1 0.999816
1 0.999824
1 0.999744
1 0.999810
1 0.999557
1 0.999622
1 0.999666
1 0.999578
1 0.999564
1 0.999497
1 0.999579
1 0.999560
1 0.999639
1 0.999643
1 0.999698
1 0.999309
1 0.999453
1 0.999551
1 0.999399
1 0.999546
1 0.999594
1 0.999473
1 0.999251
1 0.999363
1 0.999655
1 0.999617
1 0.999617
1 0.999547
1 0.999654
1 0.999667
1 0.999661
1 0.999513
1 0.999341
1 0.999481
1 0.999666
1 0.999614
1 0.999729
1 0.999689
1 0.999407
1 0.999544
1 0.999611
1 0.999629
1 0.999527
1 0.999600
1 0.999667
1 0.999560
1 0.999486
1 0.999633
1 0.999647
1 0.999447
1 0.999395
1 0.999217
1 0.999160
1 0.999275
1 0.999428
1 0.999166
1 0.999006
1 0.998829
1 0.998944
1 0.999186
1 0.999123
1 0.999204
1 0.999095
1 0.999050
1 0.999341
1 0.999179
1 0.998745
1 0.999051
1 0.998989
1 0.998991
1 0.999131
1 0.998916
1 0.998856
1 0.999029
1 0.998818
1 0.999140
1 0.999120
1 0.999061
1 0.998885
1 0.998808
0 0.998605
1 0.999052
1 0.999089
1 0.999080
1 0.999078
1 0.999065
1 0.999219
1 0.999266
1 0.999312
1 0.999365
1 0.999268
1 0.999493
1 0.999459
1 0.999476
1 0.999567
1 0.999513
1 0.999563
1 0.999519
1 0.999428
1 0.999438
1 0.999564
1 0.999555
1 0.999373
1 0.999512
1 0.999600
1 0.999598
1 0.999658
1 0.999647
1 0.999667
1 0.999570
1 0.999472
1 0.999475
1 0.999278
1 0.999151
1 0.999247
1 0.999193
1 0.999465
1 0.999378
1 0.999596
1 0.999646
1 0.999551
1 0.999644
1 0.999623
1 0.999559
1 0.999573
1 0.999547
1 0.999612
1 0.999676
1 0.999671
1 0.999630
1 0.999503
1 0.999532
1 0.999647
1 0.999591
1 0.999610
1 0.999618
1 0.999382
1 0.999340
1 0.999469
1 0.999515
1 0.999589
1 0.999576
1 0.999512
1 0.999545
1 0.999363
1 0.999427
1 0.999622
1 0.999618
1 0.999643
1 0.999557
1 0.999430
1 0.999414
1 0.999429
1 0.999403
1 0.999351
1 0.999124
1 0.999168
1 0.999474
1 0.999443
1 0.999507
1 0.999388
1 0.999522
1 0.999560
1 0.999565
1 0.999577
1 0.999647
1 0.999594
1 0.999611
1 0.999596
1 0.999632
1 0.999694
1 0.999663
1 0.999732
1 0.999719
1 0.999672
1 0.999759
1 0.999580
1 0.999709
1 0.999712
1 0.999587
1 0.999696
1 0.999677
1 0.999250
1 0.999577
1 0.999543
1 0.999512
1 0.999321
1 0.999232
1 0.999130
1 0.999269
1 0.999200
1 0.999379
1 0.999408
1 0.999535
1 0.999633
1 0.999627
1 0.999539
1 0.999665
1 0.999714
1 0.999636
1 0.999638
1 0.999695
1 0.999617
1 0.999572
1 0.999545
1 0.999189
1 0.999116
1 0.999233
1 0.999437
1 0.999442
1 0.999505
1 0.999624
1 0.999534
1 0.999362
1 0.999247
1 0.999437
1 0.999316
1 0.999423
1 0.999614
1 0.999642
1 0.999671
1 0.999617
1 0.999597
1 0.999656
1 0.999670
1 0.999689
1 0.999661
1 0.999729
1 0.999734
1 0.999726
1 0.999723
1 0.999727
1 0.999794
1 0.999682
1 0.999686
1 0.999699
1 0.999482
1 0.999517
1 0.999352
1 0.999222
1 0.999323
1 0.999197
1 0.999347
1 0.999375
1 0.999348
1 0.999263
1 0.999230
1 0.999174
1 0.999257
1 0.999298
1 0.999504
1 0.999292
1 0.999295
1 0.999310
1 0.999365
1 0.999269
1 0.999365
1 0.999454
1 0.999211
1 0.999095
1 0.998767
1 0.999199
1 0.999197
1 0.999234
1 0.999223
1 0.999364
1 0.999409
1 0.999563
1 0.999585
1 0.999408
1 0.999357
1 0.999349
1 0.999329
1 0.999429
1 0.999426
1 0.999326
1 0.999264
1 0.999372
1 0.999432
1 0.999518
1 0.999540
1 0.999615
1 0.999481
1 0.999551
1 0.999412
1 0.999341
1 0.999461
1 0.999555
1 0.999422
1 0.999476
1 0.999561
1 0.999572
1 0.999266
1 0.999524
1 0.999516
1 0.999569
1 0.999333
1 0.999400
1 0.999328
1 0.999080
1 0.999131
1 0.999108
1 0.999203
1 0.998788
1 0.999105
1 0.999254
1 0.999072
1 0.999114
1 0.999405
1 0.999120
1 0.999278
1 0.999348
1 0.999518
1 0.999531
1 0.999457
1 0.999470
1 0.999483
1 0.999499
1 0.999502
1 0.999579
1 0.999615
1 0.999611
1 0.999482
1 0.999374
1 0.999416
1 0.999581
1 0.999263
1 0.999398
1 0.999392
1 0.999160
1 0.999311
1 0.999317
1 0.999213
1 0.999226
1 0.999325
1 0.999290
1 0.999486
1 0.999294
1 0.999421
1 0.999452
1 0.999217
1 0.999438
1 0.999475
1 0.999407
1 0.999458
1 0.999408
1 0.999567
1 0.999500
1 0.999456
1 0.999552
1 0.999568
1 0.999636
1 0.999542
1 0.999592
1 0.999590
1 0.999579
1 0.999492
1 0.999676
1 0.999575
1 0.999561
1 0.999541
1 0.999689
1 0.999579
1 0.999672
1 0.999545
1 0.999637
1 0.999561
1 0.999538
1 0.999583
1 0.999567
1 0.999616
1 0.999323
1 0.999425
1 0.999276
1 0.999256
1 0.999487
1 0.999488
1 0.999228
1 0.999073
1 0.999495
1 0.999552
1 0.999456
1 0.999491
1 0.999543
1 0.999606
1 0.999694
1 0.999721
1 0.999633
1 0.999661
1 0.999718
1 0.999623
1 0.999683
1 0.999639
1 0.999651
1 0.999740
1 0.999689
1 0.999716
1 0.999699
1 0.999721
1 0.999736
1 0.999744
1 0.999767
1 0.999749
1 0.999660
1 0.999693
1 0.999780
1 0.999809
1 0.999844
1 0.999839
1 0.999833
1 0.999832
1 0.999799
1 0.999797
1 0.999674
1 0.999726
1 0.999419
1 0.999574
1 0.999311
1 0.999265
1 0.999383
1 0.999417
1 0.999413
1 0.999483
1 0.999424
1 0.999547
1 0.999646
1 0.999695
1 0.999622
1 0.999609
1 0.999763
1 0.999730
1 0.999715
1 0.999733
1 0.999668
1 0.999657
1 0.999448
1 0.999285
1 0.999573
1 0.999345
1 0.999273
1 0.999491
1 0.999577
1 0.999528
1 0.999664
1 0.999687
1 0.999707
1 0.999612
1 0.999683
1 0.999723
1 0.999707
1 0.999737
1 0.999755
1 0.999767
1 0.999789
1 0.999739
1 0.999768
1 0.999778
1 0.999813
1 0.999870
1 0.999825
1 0.999804
1 0.999843
1 0.999844
1 0.999843
1 0.999878
1 0.999866
1 0.999870
1 0.999890
1 0.999820
1 0.999828
1 0.999910
1 0.999866
1 0.999877
1 0.999889
1 0.999734
1 0.999788
1 0.999877
1 0.999885
1 0.999881
1 0.999812
1 0.999877
1 0.999914
1 0.999843
1 0.999740
1 0.999847
1 0.999682
1 0.999522
1 0.999211
1 0.999395
1 0.999457
1 0.999677
1 0.999514
1 0.999550
1 0.999577
1 0.999600
1 0.999790
1 0.999748
1 0.999689
1 0.999742
1 0.999673
1 0.999560
1 0.999206
1 0.998929
1 0.998976
1 0.999018
1 0.998921
0 0.998324
0 0.997991
0 0.997867
0 0.998309
0 0.997956
0 0.998345
1 0.998773
1 0.998703
1 0.998798
0 0.998325
0 0.998628
0 0.998494
0 0.998527
1 0.998708
1 0.998921
1 0.998901
1 0.998822
1 0.998646
1 0.999112
1 0.999096
1 0.999122
1 0.999169
1 0.999352
1 0.999094
1 0.999199
1 0.998989
1 0.999313
1 0.999372
1 0.999431
1 0.999468
1 0.999475
1 0.999494
1 0.999431
1 0.999529
1 0.999551
1 0.999612
1 0.999598
1 0.999562
1 0.999633
1 0.999668
1 0.999688
1 0.999705
1 0.999700
1 0.999705
1 0.999720
1 0.999674
1 0.999761
1 0.999740
1 0.999725
1 0.999782
1 0.999754
1 0.999816
1 0.999818
1 0.999793
1 0.999852
1 0.999834
1 0.999762
1 0.999593
1 0.999688
1 0.999674
1 0.999786
1 0.999800
1 0.999818
1 0.999555
1 0.999506
1 0.999522
1 0.999446
1 0.999511
1 0.999606
1 0.999872
1 0.999839
1 0.999775
1 0.999767
1 0.999844
1 0.999936
1 0.999857
1 0.999861
1 0.999902
1 0.999930
1 0.999980
1 0.999889
1 0.999986
1 0.999871
1 0.999797
1 0.999783
1 0.999916
1 0.999564
1 0.999807
1 0.999584
1 0.999698
1 0.999813
1 0.999923
1 0.999931
1 0.999935
1 0.999990
1 0.999991
1 0.999969
1 0.999939
1 0.999966
1 0.999902
1 0.999941
1 0.999916
1 0.999898
1 0.999977
1 0.999992
1 0.999941
1 0.999973
1 0.999961
1 0.999962
1 0.999977
1 0.999970
1 0.999931
1 0.999765
1 0.999870
1 0.999741
1 0.999463
1 0.999300
1 0.999099
1 0.999277
1 0.999462
1 0.999223
1 0.999458
1 0.999777
1 0.999744
1 0.999867
1 0.999869
1 0.999929
1 0.999941
1 0.999969
1 0.999993
1 0.999953
1 0.999961
1 0.999914
1 0.999949
1 0.999961
1 0.999922
1 0.999951
1 0.999932
1 0.999938
1 0.999937
1 0.999965
1 0.999983
1 0.999976
1 0.999933
1 0.999838
1 0.999766
1 0.999874
1 0.999847
1 0.999872
1 0.999720
1 0.999804
1 0.999770
1 0.999721
1 0.999613
1 0.999772
1 0.999688
1 0.999941
1 0.999943
1 0.999873
1 0.999540
1 0.999769
1 0.999684
1 0.999811
1 0.999840
1 0.999779
1 0.999664
1 0.999349
1 0.999029
1 0.999258
1 0.999648
1 0.999544
1 0.999776
1 0.999675
1 0.999559
1 0.999448
1 0.999263
1 0.998891
1 0.998657
1 0.998633
0 0.998418
0 0.998401
0 0.997811
0 0.997854
0 0.997921
0 0.997884
0 0.997678
0 0.998224
0 0.998360
0 0.998058
0 0.998198
0 0.997848
0 0.998145
0 0.998247
0 0.998451
0 0.998079
0 0.998184
0 0.998484
1 0.998767
1 0.998766
1 0.998769
0 0.998453
0 0.998546
1 0.998955
1 0.998951
1 0.999065
1 0.998932
1 0.998982
1 0.998846
1 0.999065
1 0.998991
1 0.998934
1 0.998810
1 0.999000
1 0.998888
1 0.998999
1 0.999110
0 0.998570
1 0.998836
1 0.998775
0 0.998629
1 0.998741
1 0.999054
1 0.998838
1 0.998763
0 0.998503
0 0.998264
0 0.998543
0 0.998585
1 0.998762
1 0.998679
1 0.998653
1 0.998947
1 0.998961
1 0.998720
1 0.998877
1 0.998811
1 0.998843
1 0.998811
1 0.999134
1 0.999190
1 0.999193
1 0.999234
1 0.999312
1 0.999400
1 0.999376
1 0.999410
1 0.999436
1 0.999317
1 0.999537
1 0.999565
1 0.999599
1 0.999504
1 0.999438
1 0.999654
1 0.999556
1 0.999696
1 0.999721
1 0.999561
1 0.999664
1 0.999673
1 0.999827
1 0.999813
1 0.999732
1 0.999864
1 0.999863
1 0.999813
1 0.999866
1 0.999903
1 0.999888
1 0.999925
1 0.999863
1 0.999952
1 0.999871
1 0.999767
1 0.999796
1 0.999859
1 0.999830
1 0.999836
1 0.999877
1 0.999913
1 0.999910
1 0.999836
1 0.999878
1 0.999885
1 0.999907
1 0.999849
1 0.999878
1 0.999850
1 0.999627
1 0.999574
1 0.999619
1 0.999720
1 0.999804
1 0.999811
1 0.999912
1 0.999842
1 0.999921
1 0.999892
1 0.999883
1 0.999879
1 0.999906
1 0.999899
1 0.999901
1 0.999898
1 0.999871
1 0.999878
1 0.999865
1 0.999937
1 0.999868
1 0.999863
1 0.999919
1 0.999907
1 0.999907
1 0.999959
1 0.999868
1 0.999916
1 0.999879
1 0.999917
1 0.999877
1 0.999918
1 0.999806
1 0.999860
1 0.999866
1 0.999849
1 0.999732
1 0.999618
1 0.999769
1 0.999809
1 0.999836
1 0.999770
1 0.999809
1 0.999810
1 0.999608
1 0.999591
1 0.999564
1 0.999665
1 0.999759
1 0.999635
1 0.999821
1 0.999777
1 0.999858
1 0.999824
1 0.999614
1 0.999606
1 0.999800
1 0.999870
1 0.999796
1 0.999860
1 0.999645
1 0.999661
1 0.999418
1 0.998893
1 0.999267
1 0.999168
1 0.999120
1 0.999000
1 0.999020
1 0.998765
0 0.998569
1 0.998799
0 0.998383
0 0.998064
0 0.998051
0 0.998093
1 0.998722
1 0.998789
1 0.998875
1 0.998816
1 0.999228
1 0.999256
1 0.999210
1 0.999226
1 0.999554
1 0.999596
1 0.999768
1 0.999811
1 0.999847
1 0.999884
1 0.999915
1 0.999897
1 0.999859
1 0.999875
1 0.999909
1 0.999915
1 0.999932
1 0.999890
1 0.999929
1 0.999931
1 0.999932
1 0.999902
1 0.999941
1 0.999895
1 0.999955
1 0.999959
1 0.999959
1 0.999950
1 0.999856
1 0.999828
1 0.999976
1 0.999961
1 0.999932
1 0.999898
1 0.999703
1 0.999305
1 0.999511
1 0.999592
1 0.999723
1 0.999606
1 0.999503
1 0.999813
1 0.999793
1 0.999835
1 0.999690
1 0.999745
1 0.999884
1 0.999932
1 0.999894
1 0.999748
1 0.999866
1 0.999920
1 0.999944
1 0.999981
1 0.999948
1 0.999929
1 0.999903
1 0.999680
1 0.999710
1 0.999662
1 0.999833
1 0.999754
1 0.999926
1 0.999887
1 0.999655
0 0.000000
1 0.999634
1 0.999658
1 0.999819
1 0.999668
1 0.999612
1 0.999774
1 0.999632
1 0.999723
1 0.999850
1 0.999769
1 0.999614
1 0.999698
1 0.999490
1 0.999754
1 0.999723
1 0.999587
1 0.999483
1 0.999370
1 0.999202
1 0.999504
1 0.999401
1 0.999265
1 0.999466
1 0.999433
1 0.999503
1 0.999145
1 0.999413
1 0.999412
1 0.999481
1 0.999530
1 0.999744
1 0.999742
1 0.999784
1 0.999800
1 0.999792
1 0.999748
1 0.999759
1 0.999800
1 0.999779
1 0.999777
1 0.999824
1 0.999876
1 0.999867
1 0.999902
1 0.999911
1 0.999921
1 0.999895
1 0.999904
1 0.999872
1 0.999880
1 0.999841
1 0.999497
1 0.999608
1 0.999759
1 0.999769
1 0.999704
1 0.999570
1 0.999636
1 0.999535
1 0.999444
1 0.999604
1 0.999571
1 0.999575
1 0.999492
1 0.999368
1 0.999304
1 0.999598
1 0.999588
1 0.999606
1 0.999513
1 0.999301
1 0.999280
1 0.999292
1 0.999171
1 0.999212
1 0.999203
1 0.999248
1 0.999252
1 0.999259
1 0.999272
1 0.999289
1 0.999251
1 0.999213
1 0.999302
1 0.999356
1 0.999352
1 0.999365
1 0.999393
1 0.999417
1 0.999456
1 0.999449
1 0.999317
1 0.999400
1 0.999271
1 0.999338
1 0.999197
1 0.999237
1 0.999172
1 0.998973
0 0.998431
1 0.998790
0 0.998579
1 0.999009
1 0.998925
1 0.998841
1 0.998962
1 0.998964
1 0.998765
1 0.998889
0 0.998519
1 0.998712
1 0.998758
0 0.998567
1 0.999083
1 0.999127
1 0.999154
1 0.999204
1 0.999357
1 0.999306
1 0.999096
1 0.998889
0 0.998605
1 0.998833
1 0.998716
1 0.999042
1 0.999058
1 0.998814
1 0.998901
0 0.998403
1 0.998679
1 0.998651
1 0.998971
1 0.998951
0 0.998555
1 0.998840
1 0.998888
1 0.999018
1 0.999123
1 0.998904
1 0.998957
1 0.998992
1 0.999165
1 0.999334
1 0.999168
1 0.999408
1 0.999324
1 0.999245
1 0.999415
1 0.999107
1 0.999218
1 0.999248
1 0.999072
1 0.998838
1 0.998756
1 0.998782
0 0.998500
1 0.998727
0 0.998473
0 0.998520
0 0.998534
1 0.998740
1 0.999035
1 0.998870
1 0.998698
1 0.998857
1 0.998835
1 0.999266
1 0.999140
1 0.999283
1 0.999364
1 0.999288
1 0.999244
1 0.999166
1 0.999234
1 0.999391
1 0.999363
1 0.999457
1 0.999359
1 0.999460
1 0.999502
1 0.999511
1 0.999571
1 0.999524
1 0.999597
1 0.999621
1 0.999642
1 0.999666
1 0.999656
1 0.999690
1 0.999726
1 0.999733
1 0.999739
1 0.999732
1 0.999754
1 0.999684
1 0.999738
1 0.999707
1 0.999837
1 0.999838
1 0.999840
1 0.999816
1 0.999821
1 0.999813
1 0.999782
1 0.999823
1 0.999906
1 0.999887
1 0.999919
1 0.999878
1 0.999796
1 0.999843
1 0.999848
1 0.999915
1 0.999858
1 0.999691
1 0.999598
1 0.999456
1 0.999147
1 0.999228
1 0.999088
1 0.999144
1 0.999253
1 0.999209
1 0.999532
1 0.999432
1 0.999426
1 0.999385
1 0.999278
1 0.999299
1 0.999345
1 0.999155
1 0.999407
1 0.999360
1 0.999311
1 0.999411
1 0.999309
1 0.999500
1 0.999454
1 0.999548
1 0.999384
1 0.999368
1 0.999296
1 0.999486
1 0.999416
1 0.999532
1 0.999590
1 0.999603
1 0.999641
1 0.999625
1 0.999551
1 0.999600
1 0.999595
1 0.999585
1 0.999661
1 0.999646
1 0.999724
1 0.999692
1 0.999715
1 0.999764
1 0.999741
1 0.999733
1 0.999751
1 0.999699
1 0.999765
1 0.999796
1 0.999781
1 0.999742
1 0.999811
1 0.999769
1 0.999675
1 0.999770
1 0.999840
1 0.999778
1 0.999664
1 0.999815
1 0.999810
1 0.999737
1 0.999855
1 0.999825
1 0.999883
1 0.999905
1 0.999903
1 0.999934
1 0.999888
1 0.999959
1 0.999965
1 0.999939
1 0.999940
1 0.999984
1 0.999959
1 0.999916
1 0.999954
1 0.999929
1 0.999970
1 0.999941
1 0.999943
1 0.999859
1 0.999854
1 0.999727
1 0.999667
1 0.999473
1 0.999562
1 0.999601
1 0.999569
1 0.999718
1 0.999664
1 0.999492
1 0.999514
1 0.999531
1 0.999683
1 0.999756
1 0.999717
1 0.999695
1 0.999771
1 0.999743
1 0.999803
1 0.999751
1 0.999811
1 0.999821
1 0.999738
1 0.999870
1 0.999861
1 0.999845
1 0.999855
1 0.999855
1 0.999852
1 0.999918
1 0.999869
1 0.999901
1 0.999874
1 0.999833
1 0.999824
1 0.999807
1 0.999789
1 0.999883
1 0.999898
1 0.999870
1 0.999570
1 0.999642
1 0.999298
1 0.999264
1 0.999387
1 0.999579
1 0.999663
1 0.999673
1 0.999813
1 0.999831
1 0.999782
1 0.999803
1 0.999792
1 0.999776
1 0.999696
1 0.999608
1 0.999564
1 0.999661
1 0.999697
1 0.999806
1 0.999842
1 0.999756
1 0.999848
1 0.999813
1 0.999840
1 0.999802
1 0.999791
1 0.999710
1 0.999807
1 0.999890
1 0.999887
1 0.999786
1 0.999761
1 0.999638
1 0.999291
1 0.999391
1 0.999314
1 0.999491
1 0.999475
1 0.999439
1 0.999438
1 0.999473
1 0.999356
1 0.999336
1 0.999171
1 0.999278
1 0.999315
1 0.999293
1 0.999211
1 0.998828
1 0.998686
0 0.998372
0 0.998060
0 0.998139
0 0.998266
0 0.998463
0 0.998567
0 0.998414
1 0.998631
0 0.998583
0 0.998086
0 0.998165
0 0.998306
0 0.998398
0 0.998611
0 0.998065
1 0.998817
1 0.998807
1 0.998928
1 0.999113
1 0.999322
1 0.999237
1 0.999297
1 0.999340
1 0.999317
1 0.999298
1 0.999213
1 0.999101
1 0.999203
1 0.999252
1 0.999426
1 0.999426
1 0.999461
1 0.999423
1 0.999280
1 0.999392
1 0.999483
1 0.999532
1 0.999539
1 0.999552
1 0.999555
1 0.999593
1 0.999589
1 0.999647
1 0.999694
1 0.999578
1 0.999551
1 0.999648
1 0.999690
1 0.999707
1 0.999731
1 0.999740
1 0.999736
1 0.999697
1 0.999520
1 0.999614
1 0.999503
1 0.999571
1 0.999658
1 0.999371
1 0.999182
1 0.999006
1 0.999176
1 0.998797
1 0.999080
1 0.999344
1 0.999549
1 0.999442
1 0.999599
1 0.999608
1 0.999768
1 0.999641
1 0.999773
1 0.999819
1 0.999781
1 0.999879
1 0.999695
1 0.999747
1 0.999835
1 0.999951
1 0.999861
1 0.999962
1 0.999979
1 0.999939
1 0.999941
1 0.999998
1 0.999984
1 1.000015
1 1.000029
1 0.999987
1 1.000009
1 0.999974
1 0.999896
1 0.999971
1 0.999985
1 0.999980
1 0.999956
1 0.999882
1 0.999654
1 0.999513
1 0.999358
1 0.999489
1 0.999656
1 0.999749
1 0.999750
1 0.999492
1 0.999744
1 0.999641
1 0.999792
1 0.999843
1 0.999859
1 0.999873
1 0.999903
1 0.999825
1 0.999886
1 0.999878
1 0.999919
1 0.999927
1 0.999928
1 0.999886
1 0.999877
1 0.999862
1 0.999888
1 0.999905
1 0.999922
1 0.999910
1 0.999891
1 0.999855
1 0.999839
1 0.999900
1 0.999851
1 0.999822
1 0.999822
0 0.000000
1 0.999847
1 0.999810
1 0.999797
1 0.999805
1 0.999777
1 0.999830
1 0.999869
1 0.999887
1 0.999872
1 0.999861
1 0.999874
1 0.999761
1 0.999745
1 0.999656
1 0.999702
1 0.999706
1 0.999651
1 0.999648
1 0.999792
1 0.999858
1 0.999843
1 0.999844
1 0.999849
1 0.999843
1 0.999874
1 0.999878
1 0.999908
1 0.999855
1 0.999888
1 0.999867
1 0.999861
1 0.999853
1 0.999862
1 0.999925
1 0.999919
1 0.999723
1 0.999848
1 0.999895
1 0.999908
1 0.999830
1 0.999820
1 0.999779
1 0.999796
1 0.999587
1 0.999436
1 0.999625
1 0.999492
1 0.999380
1 0.999425
1 0.999518
1 0.999486
1 0.999421
1 0.999527
1 0.999346
1 0.999414
1 0.999056
1 0.998948
1 0.999413
1 0.999318
1 0.999244
1 0.999405
1 0.999259
1 0.999260
1 0.999385
1 0.999520
1 0.999430
1 0.999334
1 0.999428
1 0.999401
1 0.999505
1 0.999563
1 0.999656
1 0.999580
1 0.999638
1 0.999654
1 0.999703
1 0.999711
1 0.999741
1 0.999719
1 0.999759
1 0.999776
1 0.999778
1 0.999768
1 0.999740
1 0.999783
1 0.999717
1 0.999797
1 0.999809
1 0.999751
1 0.999770
1 0.999755
1 0.999674
1 0.999735
1 0.999752
1 0.999715
1 0.999691
1 0.999499
1 0.999428
1 0.999579
1 0.999452
1 0.999582
1 0.999659
1 0.999632
1 0.999329
1 0.999441
1 0.999363
1 0.999156
1 0.999229
1 0.999279
1 0.999462
1 0.999402
1 0.999611
1 0.999425
1 0.999565
1 0.999704
1 0.999709
1 0.999706
1 0.999716
1 0.999754
1 0.999676
1 0.999501
1 0.999327
1 0.999092
1 0.998920
1 0.999047
1 0.999152
1 0.998868
1 0.999175
1 0.999285
1 0.999444
1 0.999508
1 0.999855
1 0.999848
1 0.999970
1 0.999977
1 0.999952
1 0.999768
1 0.999801
1 0.999910
1 0.999845
1 0.999717
1 0.999706
1 0.999749
1 0.999745
1 0.999928
1 0.999770
1 0.999816
1 0.999861
1 0.999785
1 0.999843
1 0.999855
1 0.999854
1 0.999767
1 0.999694
1 0.999829
1 0.999657
1 0.999731
1 0.999617
1 0.999719
1 0.999234
1 0.999486
1 0.999521
1 0.999319
1 0.998875
1 0.998923
1 0.999079
1 0.998957
1 0.999182
1 0.999137
1 0.999028
1 0.999089
1 0.999107
1 0.998995
1 0.998980
1 0.999389
1 0.999294
1 0.999526
1 0.999404
1 0.999529
1 0.999356
1 0.999330
1 0.999266
1 0.999322
1 0.999252
1 0.999204
1 0.999137
1 0.998911
1 0.999005
1 0.999335
1 0.999221
1 0.999313
1 0.999418
1 0.999386
1 0.999337
1 0.999277
1 0.999386
1 0.999450
1 0.999353
1 0.999456
1 0.999362
1 0.999519
1 0.999577
1 0.999467
1 0.999351
1 0.999194
1 0.999325
1 0.999197
1 0.999448
1 0.999457
1 0.999556
1 0.999653
1 0.999620
1 0.999634
1 0.999612
1 0.999703
1 0.999550
1 0.999708
1 0.999713
1 0.999754
1 0.999784
1 0.999822
1 0.999809
1 0.999801
1 0.999569
1 0.999104
1 0.998935
1 0.999309
1 0.999274
1 0.999392
1 0.999127
1 0.999102
1 0.998801
1 0.999141
1 0.998764
1 0.998750
1 0.998966
1 0.999138
1 0.999025
1 0.999048
1 0.999256
1 0.998881
1 0.999150
1 0.999127
1 0.999258
1 0.999249
1 0.999114
1 0.999287
1 0.999272
1 0.999069
1 0.999127
1 0.999346
1 0.999159
1 0.999131
1 0.999258
1 0.999428
1 0.999450
1 0.999401
1 0.999292
1 0.999328
1 0.999169
1 0.999285
1 0.999405
1 0.999507
1 0.999572
1 0.999579
1 0.999573
1 0.999594
1 0.999514
1 0.999471
1 0.999578
1 0.999626
1 0.999667
1 0.999572
1 0.999625
1 0.999724
1 0.999741
1 0.999667
1 0.999633
1 0.999752
1 0.999325
1 0.999278
1 0.999528
1 0.999571
1 0.999803
1 0.999841
1 0.999793
1 0.999788
1 0.999890
1 0.999886
1 0.999919
1 0.999746
1 0.999722
1 0.999884
1 0.999911
1 0.999981
1 0.999979
1 0.999972
1 0.999973
1 1.000003
1 0.999934
1 0.999929
1 0.999906
1 0.999944
1 0.999916
1 0.999993
1 0.999943
1 0.999986
1 0.999974
1 0.999915
1 0.999957
1 0.999953
1 0.999963
1 0.999866
1 0.999966
1 0.999966
1 0.999892
1 0.999905
1 0.999813
1 0.999815
1 0.999954
1 0.999967
1 0.999949
1 0.999936
1 0.999971
1 0.999949
1 0.999919
1 0.999939
1 0.999931
1 0.999904
1 0.999864
1 0.999928
1 0.999921
1 0.999909
1 0.999793
1 0.999858
1 0.999832
1 0.999709
1 0.999726
1 0.999783
1 0.999552
1 0.999564
1 0.999257
1 0.999544
1 0.999531
1 0.999362
1 0.999271
1 0.999038
0 0.998607
0 0.998605
1 0.998930
1 0.998767
1 0.998848
1 0.998636
0 0.998596
1 0.998655
1 0.998660
1 0.998735
1 0.998752
0 0.998560
0 0.998519
1 0.998678
1 0.998673
1 0.999090
1 0.998786
1 0.999052
0 0.998611
1 0.998719
1 0.998665
1 0.998663
1 0.998696
0 0.998441
0 0.998473
1 0.998720
0 0.998314
0 0.998225
0 0.998082
0 0.997933
0 0.998226
0 0.998039
0 0.997857
0 0.998134
0 0.998075
0 0.998215
0 0.998514
1 0.998762
0 0.998468
1 0.998642
1 0.998745
1 0.998772
1 0.999018
1 0.999041
1 0.999186
1 0.999189
1 0.999195
1 0.999239
1 0.999357
1 0.999324
1 0.999375
1 0.999422
1 0.999396
1 0.999540
1 0.999516
1 0.999542
1 0.999565
1 0.999435
1 0.999567
1 0.999561
1 0.999494
1 0.999636
1 0.999711
1 0.999759
1 0.999768
1 0.999762
1 0.999849
1 0.999859
1 0.999893
1 0.999846
1 0.999847
1 0.999863
1 0.999851
1 0.999863
1 0.999886
1 0.999871
1 0.999886
1 0.999891
1 0.999895
1 0.999852
1 0.999903
1 0.999853
1 0.999917
1 0.999776
1 0.999750
1 0.999785
1 0.999820
1 0.999768
1 0.999385
1 0.999362
1 0.999124
1 0.998821
1 0.998877
1 0.998820
1 0.998861
1 0.999114
1 0.998991
