
-0.107957 -0.612355 0.783177 
-0.106917 -0.612437 0.783256 
-0.105877 -0.612490 0.783355 
-0.104847 -0.612570 0.783432 
-0.103263 -0.612657 0.783574 
-0.102241 -0.612734 0.783647 
-0.101221 -0.612773 0.783749 
-0.100206 -0.612877 0.783799 
-0.099200 -0.612944 0.783874 
-0.097640 -0.613018 0.784013 
-0.096642 -0.613083 0.784085 
-0.095645 -0.613121 0.784178 
-0.094657 -0.613184 0.784248 
-0.093671 -0.613282 0.784290 
-0.092133 -0.613348 0.784420 
-0.091159 -0.613409 0.784487 
-0.090186 -0.613442 0.784574 
-0.088667 -0.613531 0.784677 
-0.087704 -0.613624 0.784713 
-0.086744 -0.613654 0.784796 
-0.085788 -0.613710 0.784857 
-0.084289 -0.613767 0.784975 
-0.083348 -0.613821 0.785033 
-0.082411 -0.613875 0.785090 
-0.080918 -0.613963 0.785176 
-0.079990 -0.614015 0.785231 
