0.143010 -0.609583 0.779716 
0.144214 -0.609491 0.779566 
0.145417 -0.609371 0.779437 
0.146625 -0.609245 0.779309 
0.147287 -0.609203 0.779217 
0.148505 -0.609075 0.779086 
0.149732 -0.608979 0.778925 
0.150957 -0.608859 0.778783 
0.152187 -0.608737 0.778638 
0.152873 -0.608694 0.778538 
0.154117 -0.608535 0.778417 
0.155367 -0.608436 0.778246 
0.156615 -0.608310 0.778095 
0.157867 -0.608181 0.777942 
0.158577 -0.608133 0.777835 
0.159844 -0.607967 0.777706 
0.161117 -0.607862 0.777525 
0.161834 -0.607784 0.777437 
0.163109 -0.607649 0.777276 
0.164396 -0.607540 0.777090 
0.165685 -0.607366 0.776952 
0.166429 -0.607311 0.776836 
0.167722 -0.607171 0.776668 
0.169020 -0.607029 0.776497 
0.169777 -0.606971 0.776377 
0.171084 -0.606826 0.776204 
0.172401 -0.606644 0.776054 
0.173173 -0.606583 0.775930 
0.174493 -0.606434 0.775751 
0.175267 -0.606344 0.775647 
0.176604 -0.606219 0.775441 
0.177937 -0.606066 0.775256 
0.178739 -0.605963 0.775152 
0.180081 -0.605807 0.774963 
0.180879 -0.605712 0.774852 
0.182230 -0.605553 0.774660 
0.183045 -0.605482 0.774523 
0.184405 -0.605320 0.774327 
0.185770 -0.605156 0.774129 
0.186599 -0.605081 0.773988 
0.187979 -0.604879 0.773812 
0.188814 -0.604775 0.773690 
0.190199 -0.604632 0.773462 
0.191038 -0.604527 0.773338 
0.192430 -0.604354 0.773128 
0.193287 -0.604272 0.772978 
0.194687 -0.604096 0.772764 
0.195545 -0.603986 0.772634 
0.196407 -0.603874 0.772502 
0.197836 -0.603684 0.772286 
0.198708 -0.603570 0.772152 
0.200130 -0.603387 0.771928 
