
137.500000 -4720.000000 6042.000000 
137.500000 -4720.000000 6042.000000 
146.100000 -4720.000000 6042.000000 
146.100000 -4720.000000 6042.000000 
154.800000 -4720.000000 6042.000000 
154.800000 -4720.000000 6042.000000 
163.400000 -4720.000000 6042.000000 
163.400000 -4720.000000 6042.000000 
172.100000 -4720.000000 6041.000000 
172.100000 -4720.000000 6041.000000 
180.800000 -4720.000000 6041.000000 
180.800000 -4720.000000 6041.000000 
189.400000 -4720.000000 6041.000000 
189.400000 -4720.000000 6041.000000 
198.200000 -4720.000000 6041.000000 
198.200000 -4720.000000 6041.000000 
206.800000 -4720.000000 6041.000000 
206.800000 -4720.000000 6041.000000 
215.500000 -4719.000000 6040.000000 
215.500000 -4719.000000 6040.000000 
224.200000 -4719.000000 6040.000000 
224.200000 -4719.000000 6040.000000 
232.800000 -4719.000000 6040.000000 
232.800000 -4719.000000 6040.000000 
241.500000 -4719.000000 6040.000000 
241.500000 -4719.000000 6040.000000 
250.200000 -4719.000000 6040.000000 
250.200000 -4719.000000 6040.000000 
258.800000 -4719.000000 6039.000000 
258.800000 -4719.000000 6039.000000 
267.500000 -4718.000000 6039.000000 
267.500000 -4718.000000 6039.000000 
276.200000 -4718.000000 6039.000000 
276.200000 -4718.000000 6039.000000 
284.900000 -4718.000000 6039.000000 
284.900000 -4718.000000 6039.000000 
293.600000 -4718.000000 6038.000000 
293.600000 -4718.000000 6038.000000 
302.200000 -4718.000000 6038.000000 
302.200000 -4718.000000 6038.000000 
310.900000 -4717.000000 6038.000000 
310.900000 -4717.000000 6038.000000 
319.600000 -4717.000000 6038.000000 
319.600000 -4717.000000 6038.000000 
328.200000 -4717.000000 6037.000000 
328.200000 -4717.000000 6037.000000 
336.900000 -4717.000000 6037.000000 
336.900000 -4717.000000 6037.000000 
345.500000 -4716.000000 6037.000000 
345.500000 -4716.000000 6037.000000 
354.200000 -4716.000000 6036.000000 
354.200000 -4716.000000 6036.000000 
362.900000 -4716.000000 6036.000000 
362.900000 -4716.000000 6036.000000 
371.500000 -4716.000000 6036.000000 
371.500000 -4716.000000 6036.000000 
380.200000 -4715.000000 6035.000000 
380.200000 -4715.000000 6035.000000 
388.800000 -4715.000000 6035.000000 
388.800000 -4715.000000 6035.000000 
397.500000 -4715.000000 6035.000000 
397.500000 -4715.000000 6035.000000 
406.200000 -4715.000000 6034.000000 
406.200000 -4715.000000 6034.000000 
414.800000 -4714.000000 6034.000000 
414.800000 -4714.000000 6034.000000 
