137.100000 -4720.000000 6042.000000 
137.100000 -4720.000000 6042.000000 
145.800000 -4720.000000 6042.000000 
145.800000 -4720.000000 6042.000000 
154.500000 -4720.000000 6042.000000 
154.500000 -4720.000000 6042.000000 
163.200000 -4720.000000 6042.000000 
163.200000 -4720.000000 6042.000000 
171.900000 -4720.000000 6041.000000 
171.900000 -4720.000000 6041.000000 
180.500000 -4720.000000 6041.000000 
180.500000 -4720.000000 6041.000000 
189.200000 -4720.000000 6041.000000 
189.200000 -4720.000000 6041.000000 
197.900000 -4720.000000 6041.000000 
197.900000 -4720.000000 6041.000000 
206.500000 -4720.000000 6041.000000 
206.500000 -4720.000000 6041.000000 
215.200000 -4719.000000 6041.000000 
215.200000 -4719.000000 6041.000000 
223.900000 -4719.000000 6040.000000 
223.900000 -4719.000000 6040.000000 
232.500000 -4719.000000 6040.000000 
232.500000 -4719.000000 6040.000000 
241.200000 -4719.000000 6040.000000 
241.200000 -4719.000000 6040.000000 
249.900000 -4719.000000 6040.000000 
249.900000 -4719.000000 6040.000000 
258.600000 -4719.000000 6039.000000 
258.600000 -4719.000000 6039.000000 
267.200000 -4718.000000 6039.000000 
267.200000 -4718.000000 6039.000000 
275.900000 -4718.000000 6039.000000 
275.900000 -4718.000000 6039.000000 
284.600000 -4718.000000 6039.000000 
284.600000 -4718.000000 6039.000000 
293.300000 -4718.000000 6038.000000 
293.300000 -4718.000000 6038.000000 
302.000000 -4718.000000 6038.000000 
302.000000 -4718.000000 6038.000000 
310.600000 -4717.000000 6038.000000 
310.600000 -4717.000000 6038.000000 
319.300000 -4717.000000 6038.000000 
319.300000 -4717.000000 6038.000000 
327.900000 -4717.000000 6037.000000 
327.900000 -4717.000000 6037.000000 
336.600000 -4717.000000 6037.000000 
336.600000 -4717.000000 6037.000000 
345.300000 -4716.000000 6037.000000 
345.300000 -4716.000000 6037.000000 
353.900000 -4716.000000 6036.000000 
353.900000 -4716.000000 6036.000000 
362.600000 -4716.000000 6036.000000 
362.600000 -4716.000000 6036.000000 
371.300000 -4716.000000 6036.000000 
371.300000 -4716.000000 6036.000000 
380.000000 -4715.000000 6035.000000 
388.600000 -4715.000000 6035.000000 
388.600000 -4715.000000 6035.000000 
397.300000 -4715.000000 6035.000000 
397.300000 -4715.000000 6035.000000 
405.900000 -4715.000000 6034.000000 
405.900000 -4715.000000 6034.000000 
414.600000 -4714.000000 6034.000000 
414.600000 -4714.000000 6034.000000 
423.300000 -4714.000000 6034.000000 
423.300000 -4714.000000 6034.000000 
431.900000 -4714.000000 6033.000000 
431.900000 -4714.000000 6033.000000 
440.600000 -4713.000000 6033.000000 
440.600000 -4713.000000 6033.000000 
449.200000 -4713.000000 6033.000000 
449.200000 -4713.000000 6033.000000 
457.900000 -4713.000000 6032.000000 
457.900000 -4713.000000 6032.000000 
466.600000 -4712.000000 6032.000000 
466.600000 -4712.000000 6032.000000 
475.200000 -4712.000000 6031.000000 
475.200000 -4712.000000 6031.000000 
483.900000 -4712.000000 6031.000000 
483.900000 -4712.000000 6031.000000 
492.600000 -4712.000000 6030.000000 
492.600000 -4712.000000 6030.000000 
501.200000 -4711.000000 6030.000000 
501.200000 -4711.000000 6030.000000 
509.800000 -4711.000000 6030.000000 
509.800000 -4711.000000 6030.000000 
518.500000 -4710.000000 6029.000000 
518.500000 -4710.000000 6029.000000 
527.100000 -4710.000000 6029.000000 
527.100000 -4710.000000 6029.000000 
535.800000 -4710.000000 6028.000000 
535.800000 -4710.000000 6028.000000 
544.500000 -4709.000000 6028.000000 
544.500000 -4709.000000 6028.000000 
553.100000 -4709.000000 6027.000000 
553.100000 -4709.000000 6027.000000 
561.800000 -4709.000000 6027.000000 
561.800000 -4709.000000 6027.000000 
570.500000 -4708.000000 6026.000000 
570.500000 -4708.000000 6026.000000 
579.100000 -4708.000000 6026.000000 
579.100000 -4708.000000 6026.000000 
587.700000 -4707.000000 6025.000000 
587.700000 -4707.000000 6025.000000 
596.400000 -4707.000000 6025.000000 
596.400000 -4707.000000 6025.000000 
605.000000 -4707.000000 6024.000000 
605.000000 -4707.000000 6024.000000 
613.700000 -4706.000000 6024.000000 
613.700000 -4706.000000 6024.000000 
622.300000 -4706.000000 6023.000000 
622.300000 -4706.000000 6023.000000 
631.000000 -4705.000000 6022.000000 
631.000000 -4705.000000 6022.000000 
639.600000 -4705.000000 6022.000000 
639.600000 -4705.000000 6022.000000 
648.300000 -4704.000000 6021.000000 
648.300000 -4704.000000 6021.000000 
656.900000 -4704.000000 6021.000000 
656.900000 -4704.000000 6021.000000 
665.600000 -4703.000000 6020.000000 
665.600000 -4703.000000 6020.000000 
674.200000 -4703.000000 6020.000000 
674.200000 -4703.000000 6020.000000 
682.900000 -4702.000000 6019.000000 
682.900000 -4702.000000 6019.000000 
691.500000 -4702.000000 6018.000000 
691.500000 -4702.000000 6018.000000 
700.100000 -4702.000000 6018.000000 
700.100000 -4702.000000 6018.000000 
708.800000 -4701.000000 6017.000000 
708.800000 -4701.000000 6017.000000 
717.400000 -4701.000000 6016.000000 
717.400000 -4701.000000 6016.000000 
726.000000 -4700.000000 6016.000000 
726.000000 -4700.000000 6016.000000 
734.700000 -4700.000000 6015.000000 
734.700000 -4700.000000 6015.000000 
743.300000 -4699.000000 6014.000000 
743.300000 -4699.000000 6014.000000 
752.000000 -4698.000000 6014.000000 
752.000000 -4698.000000 6014.000000 
760.600000 -4698.000000 6013.000000 
760.600000 -4698.000000 6013.000000 
769.200000 -4697.000000 6012.000000 
769.200000 -4697.000000 6012.000000 
777.800000 -4697.000000 6012.000000 
777.800000 -4697.000000 6012.000000 
786.500000 -4696.000000 6011.000000 
786.500000 -4696.000000 6011.000000 
795.100000 -4696.000000 6010.000000 
795.100000 -4696.000000 6010.000000 
803.800000 -4695.000000 6010.000000 
803.800000 -4695.000000 6010.000000 
812.400000 -4695.000000 6009.000000 
812.400000 -4695.000000 6009.000000 
821.000000 -4694.000000 6008.000000 
821.000000 -4694.000000 6008.000000 
829.600000 -4694.000000 6007.000000 
829.600000 -4694.000000 6007.000000 
838.300000 -4693.000000 6007.000000 
838.300000 -4693.000000 6007.000000 
846.900000 -4692.000000 6006.000000 
846.900000 -4692.000000 6006.000000 
855.500000 -4692.000000 6005.000000 
855.500000 -4692.000000 6005.000000 
864.100000 -4691.000000 6004.000000 
864.100000 -4691.000000 6004.000000 
872.700000 -4691.000000 6004.000000 
872.700000 -4691.000000 6004.000000 
881.400000 -4690.000000 6003.000000 
881.400000 -4690.000000 6003.000000 
890.000000 -4689.000000 6002.000000 
890.000000 -4689.000000 6002.000000 
898.600000 -4689.000000 6001.000000 
898.600000 -4689.000000 6001.000000 
907.200000 -4688.000000 6000.000000 
907.200000 -4688.000000 6000.000000 
915.800000 -4687.000000 6000.000000 
915.800000 -4687.000000 6000.000000 
924.400000 -4687.000000 5999.000000 
924.400000 -4687.000000 5999.000000 
933.000000 -4686.000000 5998.000000 
933.000000 -4686.000000 5998.000000 
941.600000 -4686.000000 5997.000000 
941.600000 -4686.000000 5997.000000 
950.300000 -4685.000000 5996.000000 
950.300000 -4685.000000 5996.000000 
958.800000 -4684.000000 5995.000000 
958.800000 -4684.000000 5995.000000 
967.400000 -4683.000000 5995.000000 
967.400000 -4683.000000 5995.000000 
976.100000 -4683.000000 5994.000000 
976.100000 -4683.000000 5994.000000 
984.700000 -4682.000000 5993.000000 
984.700000 -4682.000000 5993.000000 
993.300000 -4681.000000 5992.000000 
993.300000 -4681.000000 5992.000000 
1002.000000 -4681.000000 5991.000000 
1002.000000 -4681.000000 5991.000000 
1010.000000 -4680.000000 5990.000000 
1010.000000 -4680.000000 5990.000000 
1019.000000 -4679.000000 5989.000000 
1019.000000 -4679.000000 5989.000000 
1028.000000 -4679.000000 5988.000000 
1028.000000 -4679.000000 5988.000000 
1036.000000 -4678.000000 5987.000000 
1036.000000 -4678.000000 5987.000000 
1045.000000 -4677.000000 5987.000000 
1045.000000 -4677.000000 5987.000000 
1053.000000 -4677.000000 5986.000000 
1053.000000 -4677.000000 5986.000000 
1062.000000 -4676.000000 5985.000000 
1062.000000 -4676.000000 5985.000000 
1071.000000 -4675.000000 5984.000000 
1071.000000 -4675.000000 5984.000000 
1079.000000 -4674.000000 5983.000000 
1079.000000 -4674.000000 5983.000000 
1088.000000 -4674.000000 5982.000000 
1088.000000 -4674.000000 5982.000000 
1096.000000 -4673.000000 5981.000000 
1096.000000 -4673.000000 5981.000000 
1105.000000 -4672.000000 5980.000000 
1105.000000 -4672.000000 5980.000000 
1114.000000 -4671.000000 5979.000000 
1114.000000 -4671.000000 5979.000000 
1122.000000 -4670.000000 5978.000000 
1122.000000 -4670.000000 5978.000000 
1131.000000 -4670.000000 5977.000000 
1131.000000 -4670.000000 5977.000000 
1139.000000 -4669.000000 5976.000000 
1139.000000 -4669.000000 5976.000000 
1148.000000 -4668.000000 5975.000000 
1148.000000 -4668.000000 5975.000000 
1156.000000 -4667.000000 5974.000000 
1156.000000 -4667.000000 5974.000000 
1165.000000 -4666.000000 5973.000000 
1165.000000 -4666.000000 5973.000000 
1174.000000 -4666.000000 5972.000000 
1174.000000 -4666.000000 5972.000000 
1182.000000 -4665.000000 5971.000000 
1182.000000 -4665.000000 5971.000000 
1191.000000 -4664.000000 5970.000000 
1191.000000 -4664.000000 5970.000000 
1199.000000 -4663.000000 5969.000000 
1199.000000 -4663.000000 5969.000000 
1208.000000 -4662.000000 5967.000000 
1208.000000 -4662.000000 5967.000000 
1217.000000 -4661.000000 5966.000000 
1217.000000 -4661.000000 5966.000000 
1225.000000 -4661.000000 5965.000000 
1225.000000 -4661.000000 5965.000000 
1234.000000 -4660.000000 5964.000000 
1234.000000 -4660.000000 5964.000000 
1242.000000 -4659.000000 5963.000000 
1242.000000 -4659.000000 5963.000000 
1251.000000 -4658.000000 5962.000000 
1251.000000 -4658.000000 5962.000000 
1259.000000 -4657.000000 5961.000000 
1259.000000 -4657.000000 5961.000000 
1268.000000 -4656.000000 5960.000000 
1268.000000 -4656.000000 5960.000000 
1276.000000 -4655.000000 5959.000000 
1276.000000 -4655.000000 5959.000000 
1285.000000 -4654.000000 5957.000000 
1285.000000 -4654.000000 5957.000000 
1294.000000 -4654.000000 5956.000000 
1294.000000 -4654.000000 5956.000000 
1302.000000 -4653.000000 5955.000000 
1302.000000 -4653.000000 5955.000000 
1311.000000 -4652.000000 5954.000000 
1311.000000 -4652.000000 5954.000000 
1319.000000 -4651.000000 5953.000000 
1319.000000 -4651.000000 5953.000000 
1328.000000 -4650.000000 5952.000000 
1328.000000 -4650.000000 5952.000000 
1336.000000 -4649.000000 5950.000000 
1336.000000 -4649.000000 5950.000000 
1345.000000 -4648.000000 5949.000000 
1345.000000 -4648.000000 5949.000000 
1353.000000 -4647.000000 5948.000000 
1353.000000 -4647.000000 5948.000000 
1362.000000 -4646.000000 5947.000000 
1362.000000 -4646.000000 5947.000000 
1370.000000 -4645.000000 5946.000000 
1370.000000 -4645.000000 5946.000000 
1379.000000 -4644.000000 5944.000000 
1379.000000 -4644.000000 5944.000000 
1387.000000 -4643.000000 5943.000000 
1387.000000 -4643.000000 5943.000000 
1396.000000 -4642.000000 5942.000000 
1396.000000 -4642.000000 5942.000000 
137.500000 -4720.000000 6042.000000 
137.500000 -4720.000000 6042.000000 
146.100000 -4720.000000 6042.000000 
146.100000 -4720.000000 6042.000000 
154.800000 -4720.000000 6042.000000 
154.800000 -4720.000000 6042.000000 
163.400000 -4720.000000 6042.000000 
163.400000 -4720.000000 6042.000000 
172.100000 -4720.000000 6041.000000 
172.100000 -4720.000000 6041.000000 
180.800000 -4720.000000 6041.000000 
180.800000 -4720.000000 6041.000000 
189.400000 -4720.000000 6041.000000 
189.400000 -4720.000000 6041.000000 
198.200000 -4720.000000 6041.000000 
198.200000 -4720.000000 6041.000000 
206.800000 -4720.000000 6041.000000 
206.800000 -4720.000000 6041.000000 
215.500000 -4719.000000 6040.000000 
215.500000 -4719.000000 6040.000000 
224.200000 -4719.000000 6040.000000 
224.200000 -4719.000000 6040.000000 
232.800000 -4719.000000 6040.000000 
232.800000 -4719.000000 6040.000000 
241.500000 -4719.000000 6040.000000 
241.500000 -4719.000000 6040.000000 
250.200000 -4719.000000 6040.000000 
250.200000 -4719.000000 6040.000000 
258.800000 -4719.000000 6039.000000 
258.800000 -4719.000000 6039.000000 
267.500000 -4718.000000 6039.000000 
267.500000 -4718.000000 6039.000000 
276.200000 -4718.000000 6039.000000 
276.200000 -4718.000000 6039.000000 
284.900000 -4718.000000 6039.000000 
284.900000 -4718.000000 6039.000000 
293.600000 -4718.000000 6038.000000 
293.600000 -4718.000000 6038.000000 
302.200000 -4718.000000 6038.000000 
302.200000 -4718.000000 6038.000000 
310.900000 -4717.000000 6038.000000 
310.900000 -4717.000000 6038.000000 
319.600000 -4717.000000 6038.000000 
319.600000 -4717.000000 6038.000000 
328.200000 -4717.000000 6037.000000 
328.200000 -4717.000000 6037.000000 
336.900000 -4717.000000 6037.000000 
336.900000 -4717.000000 6037.000000 
345.500000 -4716.000000 6037.000000 
345.500000 -4716.000000 6037.000000 
354.200000 -4716.000000 6036.000000 
354.200000 -4716.000000 6036.000000 
362.900000 -4716.000000 6036.000000 
362.900000 -4716.000000 6036.000000 
371.500000 -4716.000000 6036.000000 
371.500000 -4716.000000 6036.000000 
380.200000 -4715.000000 6035.000000 
380.200000 -4715.000000 6035.000000 
388.800000 -4715.000000 6035.000000 
388.800000 -4715.000000 6035.000000 
397.500000 -4715.000000 6035.000000 
397.500000 -4715.000000 6035.000000 
406.200000 -4715.000000 6034.000000 
406.200000 -4715.000000 6034.000000 
414.800000 -4714.000000 6034.000000 
414.800000 -4714.000000 6034.000000 
