0.033210 0.615507 -0.787431 
0.032638 0.615520 -0.787445 
0.032066 0.615532 -0.787459 
0.031495 0.615545 -0.787472 
0.030923 0.615557 -0.787486 
0.030351 0.615569 -0.787498 
0.029779 0.615581 -0.787511 
0.107957 0.612355 -0.783177 
0.106917 0.612437 -0.783256 
0.105877 0.612490 -0.783355 
0.104847 0.612570 -0.783432 
0.103263 0.612657 -0.783574 
0.102241 0.612734 -0.783647 
0.101221 0.612773 -0.783749 
0.100206 0.612877 -0.783799 
0.099200 0.612944 -0.783874 
0.097640 0.613018 -0.784013 
0.096642 0.613083 -0.784085 
0.095645 0.613121 -0.784178 
0.094651 0.613184 -0.784249 
0.093671 0.613282 -0.784290 
0.092133 0.613348 -0.784420 
0.091159 0.613409 -0.784487 
0.090186 0.613442 -0.784574 
0.088667 0.613531 -0.784677 
0.087704 0.613624 -0.784713 
0.086744 0.613654 -0.784796 
0.085794 0.613710 -0.784856 
0.084289 0.613767 -0.784975 
0.083348 0.613821 -0.785033 
0.082411 0.613875 -0.785090 
0.080918 0.613963 -0.785176 
0.079990 0.614015 -0.785231 
0.079068 0.614065 -0.785285 
0.077591 0.614115 -0.785393 
0.076678 0.614164 -0.785444 
0.075214 0.614238 -0.785528 
0.074304 0.614293 -0.785572 
0.073406 0.614340 -0.785620 
0.071955 0.614410 -0.785699 
0.071063 0.614428 -0.785766 
0.069621 0.614496 -0.785842 
0.068741 0.614539 -0.785886 
0.067863 0.614554 -0.785950 
0.066436 0.614619 -0.786022 
0.065568 0.614694 -0.786036 
0.064147 0.614729 -0.786125 
