
0 0.385864 0.999500
0 0.415400 0.999900
0 0.444530 0.999900
0 0.465548 0.999900
0 0.500662 0.999900
0 0.528934 0.999900
0 0.553550 0.999900
0 0.574730 0.999800
0 0.601090 0.999900
0 0.626093 0.999900
0 0.646585 0.999900
0 0.666467 0.999800
0 0.689246 0.999800
0 0.707321 0.999900
0 0.724924 0.999900
0 0.743795 0.999900
0 0.760869 0.999800
0 0.775017 0.999900
0 0.790875 0.999800
0 0.804215 0.999900
0 0.817022 0.999900
0 0.828684 0.999900
0 0.840959 0.999900
0 0.851821 0.999800
0 0.861457 0.999800
0 0.870892 0.999800
0 0.876397 0.999900
0 0.887800 0.999800
0 0.891279 0.999700
0 0.902269 0.999900
0 0.910324 0.999800
0 0.914155 0.999900
0 0.921320 0.999800
0 0.927127 0.999900
0 0.930165 0.999900
0 0.936302 0.999900
0 0.941947 0.999800
0 0.946586 0.999900
0 0.950030 0.999900
0 0.953571 0.999900
0 0.956780 0.999900
0 0.960239 0.999900
0 0.962902 0.999900
0 0.965039 0.999900
0 0.967347 0.999900
0 0.971220 0.999900
0 0.973494 0.999900
0 0.974939 0.999900
0 0.976781 0.999900
0 0.978597 0.999900
0 0.980548 0.999900
0 0.982426 0.999900
0 0.983066 0.999900
0 0.983762 0.999900
0 0.985183 0.999900
0 0.986475 0.999800
0 0.987274 0.999900
0 0.988289 0.999900
0 0.989149 0.999900
0 0.990072 0.999900
0 0.990544 0.999900
0 0.991270 0.999900
0 0.992167 0.999900
0 0.992714 0.999900
0 0.992965 0.999800
0 0.993786 0.999900
0 0.994330 0.999900
0 0.994691 0.999900
0 0.995049 0.999900
0 0.995524 0.999900
0 0.995794 0.999900
0 0.995963 0.999900
0 0.996276 0.999900
0 0.996500 0.999900
0 0.996771 0.999900
0 0.996976 0.999900
0 0.997152 0.999900
0 0.997338 0.999900
0 0.997470 0.999900
0 0.997628 0.999900
0 0.997824 0.999900
0 0.997904 0.999900
0 0.997908 0.999900
0 0.997827 0.999800
0 0.997902 0.999900
0 0.997906 0.999900
0 0.998074 0.999900
0 0.998066 0.999800
0 0.998190 0.999900
0 0.998273 0.999900
0 0.998328 0.999900
0 0.998515 0.999900
0 0.998261 0.999900
0 0.998416 0.999900
0 0.998469 0.999900
0 0.998523 0.999900
0 0.998569 1.000000
1 0.998651 0.999900
1 0.998669 0.999900
1 0.998678 0.999800
1 0.998715 0.999900
1 0.998862 0.999900
1 0.998801 0.999900
1 0.998811 0.999900
1 0.998815 0.999900
1 0.998947 0.999900
1 0.998915 1.000000
1 0.998927 0.999900
1 0.999066 0.999900
1 0.999062 0.999900
1 0.999121 0.999900
1 0.999132 0.999900
1 0.999108 0.999900
1 0.999197 0.999900
1 0.999174 0.999800
1 0.999190 0.999900
1 0.999230 0.999900
1 0.999188 0.999900
1 0.999250 0.999900
1 0.999168 0.999800
1 0.999330 0.999900
1 0.999257 0.999900
1 0.999231 0.999900
1 0.999295 0.999900
1 0.999252 0.999900
1 0.999313 0.999900
1 0.999062 0.999900
1 0.998847 0.999900
1 0.999079 0.999900
1 0.998972 0.999900
1 0.999091 0.999900
1 0.999153 0.999900
1 0.999106 0.999900
1 0.999141 0.999900
1 0.999229 0.999900
1 0.999204 0.999900
1 0.999204 0.999900
1 0.999201 0.999900
1 0.999291 0.999900
1 0.999309 0.999900
1 0.999263 0.999900
1 0.999271 0.999900
1 0.999348 0.999900
1 0.999400 1.000000
1 0.999415 0.999900
1 0.999406 0.999900
1 0.999415 0.999900
1 0.999404 0.999900
1 0.999410 0.999900
1 0.999490 0.999900
1 0.999476 1.000000
1 0.999394 0.999900
1 0.999454 0.999900
1 0.999516 0.999900
1 0.999456 0.999900
1 0.999467 0.999900
1 0.999473 0.999900
1 0.999571 1.000000
1 0.999521 0.999900
1 0.999535 0.999900
1 0.999502 0.999900
1 0.999517 0.999900
1 0.999533 0.999900
1 0.999519 0.999900
1 0.999580 0.999900
1 0.999610 0.999900
1 0.999630 0.999900
1 0.999615 0.999900
1 0.999667 0.999900
1 0.999714 0.999900
1 0.999640 0.999900
1 0.999688 0.999900
1 0.999712 0.999900
1 0.999703 0.999900
1 0.999690 0.999900
1 0.999702 0.999900
1 0.999716 0.999900
1 0.999631 0.999800
1 0.999691 0.999900
1 0.999697 0.999900
1 0.999504 0.999900
1 0.999500 0.999900
1 0.999648 1.000000
1 0.999566 0.999900
1 0.999584 0.999900
1 0.999676 0.999900
1 0.999447 0.999900
1 0.999409 0.999900
1 0.999174 0.999900
1 0.999239 0.999900
1 0.999185 0.999900
1 0.999249 0.999800
1 0.999251 0.999800
1 0.999343 0.999900
1 0.999392 0.999900
1 0.999329 0.999800
1 0.999447 0.999900
1 0.999391 0.999900
1 0.999448 0.999900
1 0.999418 0.999900
1 0.999431 0.999900
1 0.999494 0.999900
1 0.999462 0.999900
1 0.999382 0.999900
1 0.999434 0.999900
1 0.999422 0.999900
1 0.999387 0.999900
1 0.999445 0.999900
1 0.999583 0.999900
1 0.999660 0.999900
1 0.999464 0.999900
1 0.999254 0.999900
1 0.999314 0.999900
1 0.999458 0.999900
1 0.999380 0.999900
1 0.999460 0.999900
1 0.999503 0.999900
1 0.999429 0.999900
1 0.999472 0.999900
1 0.999475 0.999900
1 0.999494 0.999900
1 0.999466 0.999900
1 0.999493 0.999900
1 0.999516 0.999900
1 0.999540 0.999900
1 0.999519 0.999900
1 0.999483 0.999900
1 0.999516 0.999900
1 0.999512 0.999900
1 0.999488 0.999900
1 0.999459 0.999800
1 0.999526 0.999900
1 0.999511 0.999900
1 0.999523 0.999900
1 0.999513 0.999900
1 0.999601 0.999900
1 0.999503 0.999900
1 0.999458 0.999900
1 0.999258 0.999900
1 0.999281 0.999900
1 0.999358 0.999900
1 0.999302 0.999900
1 0.999360 0.999900
1 0.999501 0.999900
1 0.999627 0.999900
1 0.999599 0.999900
1 0.999586 0.999900
1 0.999570 0.999900
1 0.999296 0.999900
1 0.999224 0.999900
1 0.999348 0.999800
1 0.999532 0.999900
1 0.999522 0.999900
1 0.999521 0.999900
1 0.999740 0.999900
1 0.999698 0.999800
1 0.999768 0.999900
1 0.999803 0.999900
1 0.999798 0.999900
1 0.999826 0.999900
1 0.999672 0.999900
1 0.999648 0.999900
1 0.999639 0.999900
1 0.999718 0.999900
1 0.999721 0.999900
1 0.999588 0.999900
1 0.999744 0.999900
1 0.999718 0.999800
1 0.999786 0.999900
1 0.999789 0.999900
1 0.999638 0.999900
1 0.999647 0.999900
1 0.999581 0.999900
1 0.999722 0.999800
1 0.999754 0.999900
1 0.999847 0.999900
1 0.999881 0.999900
1 0.999853 0.999900
1 0.999882 0.999900
1 0.999904 0.999900
1 0.999883 0.999900
1 0.999922 0.999900
1 0.999817 0.999900
1 0.999882 0.999900
1 0.999847 0.999900
1 0.999925 0.999900
0 0.000000 0.999900
1 0.999869 0.999900
1 0.999802 0.999800
1 0.999716 0.999900
1 0.999698 0.999900
1 0.999658 0.999900
1 0.999597 0.999900
1 0.999477 0.999900
1 0.999377 0.999900
1 0.999497 0.999900
1 0.999415 0.999900
1 0.999527 0.999900
1 0.999493 0.999900
1 0.999512 0.999900
1 0.999533 0.999900
1 0.999185 0.999900
1 0.999238 0.999900
1 0.999236 0.999900
1 0.999209 0.999900
1 0.999126 0.999900
1 0.998941 0.999900
0 0.998573 0.999900
1 0.998630 0.999900
0 0.998258 0.999900
0 0.998485 0.999900
0 0.998369 0.999900
0 0.998541 0.999900
1 0.998979 0.999900
1 0.999002 0.999900
1 0.999228 1.000000
1 0.999225 0.999900
1 0.999249 0.999900
1 0.999215 0.999900
1 0.999112 0.999900
1 0.998926 0.999900
0 0.998506 0.999900
0 0.998481 0.999900
0 0.998461 0.999900
0 0.998449 0.999800
0 0.998606 0.999800
0 0.998568 0.999900
1 0.998673 0.999800
1 0.998917 0.999900
1 0.998839 0.999900
1 0.998759 0.999900
1 0.998804 0.999900
1 0.998957 0.999900
1 0.998943 0.999900
1 0.998878 0.999900
1 0.998984 0.999900
1 0.998933 0.999900
1 0.998950 0.999900
1 0.999012 0.999900
1 0.999040 0.999900
1 0.998980 0.999900
1 0.999009 0.999900
1 0.999152 0.999900
1 0.999132 0.999900
1 0.999190 0.999900
1 0.999243 0.999800
1 0.999266 0.999900
1 0.999210 0.999900
1 0.999252 0.999900
1 0.999293 0.999900
1 0.999276 0.999800
1 0.999250 0.999900
1 0.999290 0.999900
1 0.999243 0.999900
1 0.999322 0.999900
1 0.999486 0.999900
1 0.999562 0.999900
1 0.999529 0.999900
1 0.999553 0.999900
1 0.999492 0.999900
1 0.999502 0.999800
1 0.999514 0.999900
1 0.999610 0.999900
1 0.999655 0.999900
1 0.999661 0.999900
1 0.999736 0.999900
1 0.999753 0.999900
1 0.999719 0.999900
1 0.999775 0.999900
1 0.999773 0.999800
1 0.999800 0.999900
1 0.999815 0.999900
1 0.999780 1.000000
1 0.999710 0.999900
1 0.999704 0.999900
1 0.999736 0.999800
1 0.999713 0.999900
1 0.999727 0.999900
1 0.999777 0.999900
1 0.999706 0.999800
1 0.999775 0.999900
1 0.999736 0.999900
1 0.999707 0.999800
1 0.999733 0.999900
1 0.999754 0.999900
1 0.999751 0.999900
1 0.999792 0.999900
1 0.999744 1.000000
1 0.999743 0.999900
1 0.999520 0.999900
1 0.999572 0.999900
1 0.999820 0.999900
1 0.999810 0.999900
1 0.999791 0.999900
1 0.999780 0.999900
1 0.999780 0.999900
1 0.999788 0.999900
1 0.999797 0.999900
1 0.999789 0.999900
1 0.999741 0.999900
1 0.999768 0.999900
1 0.999786 0.999900
1 0.999809 0.999900
1 0.999809 0.999900
1 0.999846 0.999900
1 0.999827 0.999900
1 0.999844 0.999900
1 0.999822 0.999900
1 0.999686 0.999900
1 0.999649 0.999800
1 0.999599 0.999900
1 0.999611 0.999800
1 0.999671 0.999900
1 0.999586 0.999900
1 0.999657 0.999900
1 0.999704 0.999900
1 0.999390 0.999900
1 0.999375 0.999900
1 0.999280 0.999900
1 0.999551 0.999900
1 0.999542 0.999900
1 0.999548 0.999900
1 0.999684 0.999900
1 0.999637 0.999900
1 0.999808 0.999900
1 0.999853 0.999900
1 0.999791 0.999900
1 0.999792 0.999900
1 0.999789 0.999900
1 0.999846 0.999900
1 0.999789 0.999900
1 0.999819 0.999800
1 0.999867 0.999900
1 0.999888 0.999900
1 0.999900 0.999900
1 0.999888 0.999900
1 0.999900 0.999900
1 0.999853 0.999800
1 0.999902 0.999900
1 0.999939 0.999900
1 0.999821 0.999900
1 0.999660 0.999900
1 0.999643 0.999900
1 0.999663 0.999900
1 0.999738 0.999900
1 0.999723 0.999900
1 0.999825 0.999900
1 0.999900 0.999900
1 0.999775 1.000000
1 0.999743 0.999900
1 0.999703 0.999900
1 0.999660 0.999900
1 0.999787 0.999900
1 0.999830 0.999900
1 0.999823 0.999900
1 0.999894 0.999900
1 0.999771 0.999900
1 0.999703 0.999900
1 0.999501 0.999900
1 0.999530 0.999900
1 0.999442 0.999900
1 0.999328 0.999900
1 0.999325 0.999900
1 0.999408 0.999900
1 0.999537 0.999900
1 0.999572 0.999900
1 0.999296 0.999900
1 0.999384 0.999900
1 0.999312 0.999800
1 0.999273 0.999800
1 0.999313 0.999900
1 0.999269 0.999900
1 0.999573 1.000000
1 0.999506 0.999800
1 0.999571 0.999900
1 0.999549 0.999900
1 0.999553 0.999900
1 0.999483 1.000000
1 0.999230 0.999900
1 0.999158 0.999900
1 0.999124 0.999900
1 0.999126 0.999900
1 0.999241 0.999900
1 0.999300 0.999900
1 0.999384 0.999900
1 0.999254 0.999900
1 0.999309 0.999900
1 0.999290 0.999900
1 0.999356 0.999900
1 0.999393 0.999900
1 0.999428 0.999900
1 0.999222 0.999900
1 0.999325 0.999800
1 0.999357 0.999900
1 0.999365 0.999900
1 0.999359 1.000000
1 0.999225 0.999800
1 0.999257 0.999900
1 0.999505 0.999900
1 0.999531 0.999900
1 0.999429 0.999900
1 0.999290 0.999900
1 0.999539 0.999900
1 0.999600 0.999900
1 0.999639 0.999900
1 0.999677 0.999900
1 0.999615 0.999800
1 0.999692 1.000000
1 0.999687 0.999900
1 0.999690 0.999900
1 0.999671 0.999800
1 0.999686 0.999900
1 0.999694 0.999900
1 0.999767 0.999900
1 0.999445 0.999900
1 0.999475 0.999900
1 0.999447 0.999900
1 0.999477 0.999800
1 0.999457 0.999900
1 0.999442 0.999900
1 0.999428 0.999900
1 0.999373 0.999900
1 0.999325 0.999900
1 0.999599 1.000000
1 0.999614 0.999900
1 0.999658 0.999900
1 0.999688 0.999900
1 0.999629 0.999800
1 0.999671 0.999900
1 0.999718 0.999900
1 0.999703 0.999900
1 0.999722 0.999900
1 0.999672 0.999900
1 0.999693 0.999900
1 0.999713 0.999900
1 0.999737 0.999900
1 0.999716 0.999900
1 0.999768 0.999900
1 0.999600 0.999900
1 0.999363 0.999900
1 0.999472 0.999900
1 0.999441 0.999900
1 0.999583 0.999900
1 0.999590 0.999900
1 0.999542 0.999900
1 0.999546 0.999900
1 0.999499 0.999800
1 0.999499 0.999900
1 0.999549 0.999900
1 0.999573 0.999900
1 0.999635 0.999900
1 0.999645 0.999900
1 0.999778 0.999900
1 0.999795 0.999900
1 0.999878 0.999900
1 0.999890 0.999900
1 0.999832 0.999900
1 0.999903 0.999900
1 0.999906 0.000000
1 0.999862 0.999900
1 0.999906 0.999900
1 0.999887 0.999900
1 0.999897 0.999900
1 0.999867 0.999800
1 0.999909 0.999900
1 0.999876 0.999900
1 0.999927 0.999900
1 0.999900 0.999900
1 0.999872 0.999800
1 0.999912 0.999900
1 0.999912 0.999900
1 0.999894 0.999900
1 0.999917 0.999900
1 0.999923 0.999900
0 0.000000 0.999900
1 0.999976 0.999900
1 0.999936 0.999900
1 0.999938 0.999900
1 0.999909 0.999900
1 0.999973 1.000000
1 0.999942 0.999900
1 0.999939 0.999900
1 0.999953 0.999900
1 0.999929 0.999900
1 0.999892 0.999800
1 0.999927 0.999900
1 0.999934 0.999900
1 0.999936 0.999900
1 0.999934 0.999900
1 0.999934 0.999900
1 0.999919 0.999800
1 0.999940 0.999900
1 0.999920 0.999800
1 0.999941 0.999900
1 0.999923 0.999900
1 0.999914 0.999900
1 0.999932 0.999900
1 0.999910 0.999900
1 0.999880 0.999900
1 0.999921 0.999900
1 0.999906 0.999800
1 0.999971 0.999900
1 0.999945 1.000000
1 0.999939 0.999900
1 0.999913 0.999800
1 0.999906 0.999900
1 0.999924 0.999900
1 0.999903 0.999900
1 0.999960 0.999900
1 0.999913 0.999800
1 0.999934 0.999900
1 0.999943 0.999900
1 0.999897 0.999800
1 0.999957 1.000000
1 0.999947 0.999900
1 0.999821 0.999900
1 0.999868 0.999900
1 0.999848 0.999900
1 0.999877 0.999900
1 0.999823 0.999900
1 0.999852 0.999900
1 0.999883 0.999900
1 0.999824 0.999900
1 0.999793 0.999800
1 0.999848 0.999900
1 0.999838 1.000000
1 0.999813 0.999900
1 0.999776 0.999900
1 0.999768 0.999900
1 0.999416 0.999900
1 0.999361 0.999900
1 0.999381 0.999900
1 0.999355 0.999900
1 0.999453 0.999900
1 0.999470 0.999900
1 0.999408 0.999900
1 0.999505 0.999900
1 0.999288 0.999900
1 0.999116 0.999900
1 0.999469 0.999900
1 0.999442 0.999900
1 0.999401 0.999900
1 0.999461 0.999900
1 0.999518 0.999900
1 0.999455 0.999900
1 0.999392 0.999900
1 0.999415 0.999900
1 0.999485 0.999900
1 0.999426 0.999900
1 0.999408 0.999900
1 0.999504 0.999900
1 0.999481 0.999900
1 0.999458 0.999900
1 0.999756 0.999900
1 0.999720 0.999900
1 0.999693 0.999800
1 0.999378 0.999900
1 0.999339 0.999900
1 0.999338 0.999900
1 0.999389 0.999900
1 0.999379 0.999900
1 0.999398 0.999900
1 0.999387 0.999900
1 0.999445 0.999900
1 0.999565 0.999900
1 0.999629 0.999900
1 0.999642 0.999900
1 0.999658 0.999900
1 0.999602 0.999900
1 0.999744 0.999900
1 0.999768 0.999900
1 0.999801 1.000000
1 0.999534 0.999900
1 0.999586 0.999900
1 0.999616 0.999900
1 0.999545 0.999800
1 0.999575 0.999900
1 0.999717 0.999900
1 0.999775 0.999900
1 0.999740 0.999900
1 0.999740 0.999900
1 0.999494 0.999800
1 0.999539 0.999900
1 0.999695 1.000000
1 0.999629 0.999900
1 0.999634 0.999900
1 0.999654 0.999900
1 0.999624 0.999900
1 0.999563 0.999900
1 0.999607 0.999900
1 0.999584 0.999900
1 0.999564 0.999900
1 0.999630 0.999900
1 0.999644 0.999900
1 0.999219 0.999900
1 0.999484 1.000000
1 0.999496 0.999900
1 0.999461 0.999900
1 0.999767 0.999900
1 0.999783 0.999900
1 0.999809 0.999900
1 0.999800 0.999800
1 0.999838 0.999900
1 0.999848 0.999900
1 0.999819 0.999900
1 0.999859 0.999900
1 0.999880 0.999900
1 0.999856 0.999900
1 0.999875 0.999900
1 0.999873 0.999900
1 0.999873 0.999900
1 0.999915 1.000000
1 0.999874 0.999900
1 0.999870 0.999900
1 0.999884 0.999900
1 0.999864 0.999900
1 0.999804 0.999900
1 0.999851 0.999900
1 0.999763 0.999900
1 0.999714 0.999900
1 0.999764 0.999900
1 0.999352 0.999900
1 0.998850 0.999900
0 0.998293 0.999900
0 0.998262 0.999900
0 0.998057 0.999900
0 0.997764 0.999900
0 0.997988 0.999900
0 0.997978 0.999900
0 0.998082 0.999800
0 0.998261 0.999900
0 0.998176 0.999900
0 0.998317 0.999900
0 0.998392 0.999900
0 0.997866 0.999900
0 0.997448 0.999900
0 0.997537 0.999900
0 0.997778 0.999900
0 0.997980 0.999900
0 0.997423 0.999900
0 0.997599 0.999900
0 0.997688 0.999900
0 0.997760 0.999900
0 0.997276 0.999900
0 0.997454 0.999900
0 0.997461 0.999900
0 0.997418 0.999900
0 0.997442 0.999900
0 0.997664 0.999900
0 0.997948 0.999900
0 0.997497 0.999900
0 0.997524 0.999900
0 0.997593 0.999900
0 0.997742 0.999900
0 0.998029 0.999900
0 0.998454 0.999800
1 0.998841 0.999900
1 0.998832 0.999900
1 0.998860 0.999900
0 0.998593 0.999900
1 0.998751 0.999900
1 0.998784 0.999900
1 0.998877 0.999900
1 0.998931 0.999900
1 0.999228 0.999900
1 0.999300 0.999900
1 0.999267 0.999800
1 0.999426 0.999900
1 0.999440 0.999900
1 0.999466 0.999900
1 0.999492 0.999800
1 0.999548 0.999900
1 0.999583 0.999900
1 0.999645 0.999900
1 0.999678 0.999900
1 0.999723 1.000000
1 0.999745 0.999900
1 0.999730 0.999900
1 0.999758 0.999900
1 0.999744 0.999900
1 0.999714 0.999900
1 0.999355 0.999900
1 0.998985 0.999900
0 0.998578 0.999900
1 0.998796 0.999900
1 0.998656 0.999900
1 0.998820 0.999900
1 0.998887 0.999900
1 0.999005 0.999900
1 0.999049 0.999900
1 0.999232 0.999900
1 0.999487 0.999900
1 0.999439 0.999900
1 0.999584 0.999900
1 0.999561 0.999900
1 0.999586 0.999900
1 0.999863 0.999900
1 0.999856 0.999900
1 0.999870 0.999900
1 0.999889 0.999900
1 0.999868 0.999900
1 0.999856 0.999900
1 0.999865 0.999900
1 0.999877 0.999900
1 0.999906 0.999900
1 0.999920 0.999900
1 0.999878 0.999900
1 0.999877 0.999900
1 0.999908 0.999900
1 0.999919 0.999900
1 0.999878 0.999900
1 0.999853 0.999800
1 0.999875 0.999900
1 0.999899 0.999900
1 0.999872 0.999900
1 0.999871 0.999900
1 0.999850 0.999900
1 0.999817 0.999800
1 0.999807 0.999900
1 0.999794 0.999900
1 0.999765 0.999900
1 0.999758 0.999900
1 0.999768 0.999900
1 0.999899 0.999900
1 0.999905 0.999900
1 0.999895 0.999900
1 0.999905 0.999900
1 0.999869 0.999900
1 0.999884 0.999900
1 0.999859 0.999900
1 0.999910 0.999900
1 0.999918 0.999900
1 0.999831 0.999800
1 0.999857 0.999800
1 0.999856 0.999900
1 0.999857 0.999900
1 0.999897 0.999900
1 0.999833 0.999900
1 0.999826 0.999900
1 0.999909 0.999900
1 0.999910 0.999900
1 0.999960 0.999900
1 0.999940 0.999900
1 0.999933 0.999900
1 0.999940 0.999900
1 0.999964 0.999900
1 0.999913 0.999800
1 0.999945 0.999900
1 0.999903 0.999900
1 0.999906 0.999900
1 0.999932 0.999900
1 0.999920 0.999900
1 0.999936 0.999900
1 0.999907 0.999900
1 0.999936 0.999900
1 0.999902 0.999900
1 0.999949 0.999900
1 0.999939 0.999900
1 0.999931 0.999900
1 0.999933 0.999900
1 0.999849 1.000000
1 0.999730 0.999900
1 0.999700 0.999900
1 0.999677 0.999900
1 0.999666 0.999900
1 0.999618 0.999900
1 0.999766 0.999900
1 0.999797 0.000000
1 0.999824 0.999900
1 0.999816 0.999900
1 0.999848 0.999900
1 0.999811 0.999900
1 0.999810 0.999900
1 0.999799 0.999900
1 0.999787 0.999900
1 0.999800 0.999900
1 0.999454 0.999900
1 0.999484 0.999900
1 0.999449 0.999900
1 0.999436 0.999900
1 0.999437 0.999900
1 0.999131 0.999900
1 0.999140 0.999900
1 0.999147 0.999900
1 0.999132 0.999900
1 0.999494 0.999900
1 0.999677 0.999900
1 0.999679 0.999900
1 0.999516 0.999900
1 0.999506 0.999900
1 0.999379 0.999900
1 0.999374 0.999900
1 0.999397 0.999900
1 0.999384 0.999900
1 0.999203 0.999900
1 0.999283 0.999900
1 0.999221 0.999900
1 0.999217 0.999900
1 0.999201 0.999900
1 0.999289 0.999900
1 0.999130 0.999900
1 0.998944 1.000000
1 0.999028 0.999900
1 0.999079 0.999900
1 0.999111 0.999900
1 0.999266 1.000000
1 0.999342 0.999900
1 0.999212 0.999800
1 0.999202 0.999900
1 0.999321 0.999900
1 0.999258 1.000000
1 0.999251 0.999900
1 0.999269 0.999900
1 0.999319 0.999900
1 0.999221 0.999900
1 0.999184 0.999900
1 0.999405 0.999900
1 0.999446 0.999900
1 0.999196 0.999900
1 0.999130 0.999900
1 0.999025 0.999900
1 0.999350 0.999900
1 0.999465 0.999900
1 0.999495 0.999900
1 0.999554 0.999900
1 0.999539 0.999900
1 0.999507 0.999900
1 0.999473 0.999900
1 0.999491 0.999900
1 0.999571 0.999900
1 0.999600 0.999900
1 0.999578 0.999900
1 0.999712 0.999900
1 0.999543 0.999900
1 0.999592 0.999900
1 0.999622 0.999900
1 0.999638 0.999900
1 0.999669 1.000000
1 0.999393 0.999900
1 0.999378 0.999900
1 0.999354 1.000000
1 0.999519 0.999900
1 0.999574 0.999900
1 0.999655 0.999900
1 0.999503 0.999900
1 0.999556 0.999900
1 0.999469 0.999900
1 0.999451 0.999900
1 0.999238 0.999900
1 0.999253 0.999900
1 0.999222 0.999900
1 0.999222 0.999900
1 0.999308 0.999900
1 0.999374 1.000000
1 0.999286 0.999900
1 0.999556 0.999900
1 0.999411 0.999900
1 0.999447 0.999900
1 0.999495 0.999900
1 0.999484 0.999900
1 0.999512 0.999900
1 0.999478 0.999900
1 0.999564 0.999900
1 0.999546 0.999900
1 0.999482 0.999900
1 0.999554 0.999900
1 0.999646 0.999900
1 0.999609 0.999800
1 0.999706 0.999900
1 0.999705 0.999900
1 0.999721 0.999800
1 0.999764 0.999900
1 0.999716 0.999900
1 0.999709 0.999900
1 0.999734 0.999900
1 0.999787 0.999900
1 0.999841 0.999900
1 0.999857 0.999900
1 0.999862 0.999900
1 0.999858 0.999900
1 0.999809 0.999900
1 0.999812 0.999900
1 0.999783 0.999900
1 0.999833 0.999900
1 0.999852 0.999900
1 0.999835 0.999900
1 0.999804 0.999900
1 0.999839 0.999900
1 0.999867 0.999900
1 0.999842 0.999900
1 0.999719 0.999900
1 0.999700 0.999900
1 0.999756 0.999900
1 0.999607 0.999900
1 0.999497 0.999800
1 0.999543 0.999900
1 0.999534 0.999900
1 0.999125 0.999900
1 0.999218 0.999900
1 0.998651 0.999900
1 0.998634 0.999900
1 0.998683 0.999900
1 0.998753 0.999900
1 0.998920 1.000000
1 0.998924 0.999900
0 0.998573 0.999900
0 0.998585 0.999900
1 0.998651 0.999900
1 0.998749 0.999900
1 0.998794 0.999900
0 0.998252 0.999900
0 0.998326 0.999900
0 0.998373 0.999900
0 0.998483 0.999900
0 0.998492 0.999900
0 0.998597 0.999900
1 0.998690 0.999900
1 0.998786 0.999900
1 0.998814 0.999900
1 0.998745 0.999900
1 0.998812 0.999900
1 0.998971 1.000000
1 0.998846 0.999900
1 0.999065 0.999900
1 0.999087 0.999900
1 0.999095 0.999900
1 0.999123 0.999900
1 0.999240 0.999900
1 0.999164 0.999900
1 0.999369 0.999900
1 0.999380 0.999900
1 0.999453 0.999900
1 0.999460 0.999900
1 0.999224 0.999900
1 0.999189 0.999900
1 0.999328 0.999900
1 0.999494 0.999900
1 0.999586 0.999900
1 0.999576 0.999900
1 0.999563 0.999800
1 0.999609 0.999900
1 0.999612 0.999900
1 0.999570 0.999900
1 0.999577 0.999900
1 0.999249 0.999900
1 0.999313 0.999900
1 0.999282 0.999900
1 0.999319 0.999900
1 0.999396 0.999900
1 0.999389 0.999900
1 0.999362 0.999900
1 0.999447 0.999900
1 0.999452 0.999900
1 0.999546 0.999900
1 0.999615 0.999900
1 0.999397 0.999900
1 0.999413 0.999900
